lat1,lat2,lon1,lon2,delay,num,auc,tpr,fpr,index
41.654,41.6562,-87.606,-87.604,12,80,0.819359,0.56,0.255814,D_0
41.654,41.6562,-87.604,-87.602,6,80,0.789061,0.5625,0.301587,D_1
41.6765,41.6787,-87.622,-87.62,4,100,0.862852,0.782609,0.14,D_10
41.7462,41.7485,-87.604,-87.602,5,85,0.873438,0.769231,0.152174,D_100
41.9015,41.9037,-87.724,-87.722,20,100,0.851015,0.681818,0.2,D_1000
41.9015,41.9037,-87.722,-87.72,16,85,0.832537,0.633333,0.255814,D_1001
41.9015,41.9037,-87.72,-87.718,10,100,0.901783,0.846154,0.115385,D_1002
41.9015,41.9037,-87.718,-87.716,20,95,0.887761,0.84,0.125,D_1003
41.9015,41.9037,-87.712,-87.71,4,85,0.837784,0.653846,0.23913,D_1004
41.9015,41.9037,-87.698,-87.696,12,85,0.818755,0.705882,0.215385,D_1005
41.9015,41.9037,-87.696,-87.694,14,85,0.881783,0.6875,0.246377,D_1006
41.9015,41.9037,-87.694,-87.692,12,90,0.875178,0.777778,0.190476,D_1007
41.9015,41.9037,-87.692,-87.69,10,80,0.818362,0.5,0.346667,D_1008
41.9015,41.9037,-87.69,-87.688,12,85,0.798619,0.777778,0.19697,D_1009
41.7462,41.7485,-87.602,-87.6,8,100,0.914722,0.833333,0.102041,D_101
41.9015,41.9037,-87.688,-87.686,10,85,0.87149,0.8,0.194444,D_1010
41.9015,41.9037,-87.668,-87.666,8,85,0.799477,0.611111,0.241379,D_1011
41.9015,41.9037,-87.666,-87.664,20,90,0.860699,0.705882,0.217391,D_1012
41.9015,41.9037,-87.646,-87.644,6,90,0.900345,0.875,0.17284,D_1013
41.9015,41.9037,-87.644,-87.642,16,85,0.839993,0.666667,0.220779,D_1014
41.9015,41.9037,-87.634,-87.632,6,85,0.87135,0.869565,0.150943,D_1015
41.9015,41.9037,-87.632,-87.63,20,100,0.789911,0.441176,0.282051,D_1016
41.9015,41.9037,-87.63,-87.628,4,95,0.916245,0.85,0.1,D_1017
41.9037,41.906,-87.76,-87.758,14,90,0.887354,0.714286,0.222222,D_1018
41.9037,41.906,-87.75,-87.748,8,100,0.839108,0.7,0.22807,D_1019
41.7462,41.7485,-87.556,-87.554,18,85,0.834127,0.666667,0.240741,D_102
41.9037,41.906,-87.734,-87.732,12,90,0.738337,0.65,0.363636,D_1020
41.9037,41.906,-87.73,-87.728,4,90,0.860811,0.791667,0.192308,D_1021
41.9037,41.906,-87.728,-87.726,12,95,0.881253,0.846154,0.156863,D_1022
41.9037,41.906,-87.722,-87.72,12,95,0.914001,0.9,0.109375,D_1023
41.9037,41.906,-87.712,-87.71,6,80,0.920218,0.833333,0.125,D_1024
41.9037,41.906,-87.696,-87.694,18,85,0.830887,0.647059,0.285714,D_1025
41.9037,41.906,-87.694,-87.692,4,80,0.848151,0.8,0.142857,D_1026
41.9037,41.906,-87.69,-87.688,4,90,0.776937,0.545455,0.311688,D_1027
41.9037,41.906,-87.67,-87.668,4,95,0.847947,0.833333,0.176471,D_1028
41.9037,41.906,-87.668,-87.666,10,95,0.902032,0.85,0.152542,D_1029
41.7485,41.7507,-87.722,-87.72,20,85,0.864158,0.666667,0.22807,D_103
41.9037,41.906,-87.648,-87.646,4,80,0.910716,0.833333,0.102273,D_1030
41.9037,41.906,-87.644,-87.642,18,100,0.875068,1,0.189474,D_1031
41.9037,41.906,-87.64,-87.638,8,85,0.873526,0.764706,0.131579,D_1032
41.9037,41.906,-87.634,-87.632,14,95,0.84299,0.777778,0.152542,D_1033
41.9037,41.906,-87.632,-87.63,8,95,0.814777,0.647059,0.354839,D_1034
41.9037,41.906,-87.63,-87.628,8,100,0.854008,0.72973,0.21875,D_1035
41.906,41.9082,-87.766,-87.764,4,90,0.887087,0.8125,0.130435,D_1036
41.906,41.9082,-87.764,-87.762,4,100,0.864067,0.826087,0.156863,D_1037
41.906,41.9082,-87.756,-87.754,18,100,0.845965,0.772727,0.177419,D_1038
41.906,41.9082,-87.734,-87.732,6,85,0.833055,0.777778,0.182927,D_1039
41.7485,41.7507,-87.674,-87.672,8,80,0.904826,0.8,0.0769231,D_104
41.906,41.9082,-87.728,-87.726,10,90,0.847501,0.714286,0.236111,D_1040
41.906,41.9082,-87.712,-87.71,18,80,0.830383,0.72,0.2,D_1041
41.906,41.9082,-87.696,-87.694,12,90,0.936082,0.857143,0.0581395,D_1042
41.906,41.9082,-87.694,-87.692,16,95,0.850952,0.733333,0.203125,D_1043
41.906,41.9082,-87.676,-87.674,8,85,0.931428,0.916667,0.105263,D_1044
41.906,41.9082,-87.672,-87.67,6,85,0.921832,0.863636,0.101695,D_1045
41.906,41.9082,-87.668,-87.666,14,100,0.873508,0.894737,0.192982,D_1046
41.906,41.9082,-87.64,-87.638,16,80,0.857638,0.636364,0.235294,D_1047
41.9082,41.9105,-87.776,-87.774,14,100,0.817154,0.736842,0.327869,D_1048
41.9082,41.9105,-87.774,-87.772,18,100,0.847787,0.772727,0.181818,D_1049
41.7485,41.7507,-87.67,-87.668,14,80,0.807313,0.666667,0.235294,D_105
41.9082,41.9105,-87.772,-87.77,12,90,0.931935,0.904762,0.114754,D_1050
41.9082,41.9105,-87.766,-87.764,12,100,0.839334,0.771429,0.193548,D_1051
41.9082,41.9105,-87.764,-87.762,10,80,0.800403,0.470588,0.234375,D_1052
41.9082,41.9105,-87.762,-87.76,8,100,0.782418,0.571429,0.307692,D_1053
41.9082,41.9105,-87.76,-87.758,20,90,0.834668,0.655172,0.25,D_1054
41.9082,41.9105,-87.758,-87.756,4,95,0.868135,0.681818,0.220339,D_1055
41.9082,41.9105,-87.756,-87.754,18,95,0.865964,0.833333,0.177778,D_1056
41.9082,41.9105,-87.754,-87.752,10,95,0.858662,0.703704,0.217391,D_1057
41.9082,41.9105,-87.752,-87.75,20,80,0.791973,0.6,0.245283,D_1058
41.9082,41.9105,-87.748,-87.746,14,80,0.88277,0.884615,0.145833,D_1059
41.7485,41.7507,-87.668,-87.666,6,80,0.832166,0.789474,0.171429,D_106
41.9082,41.9105,-87.746,-87.744,6,90,0.869255,0.666667,0.236842,D_1060
41.9082,41.9105,-87.744,-87.742,20,100,0.905568,0.829787,0.15,D_1061
41.9082,41.9105,-87.732,-87.73,6,90,0.821841,0.684211,0.237288,D_1062
41.9082,41.9105,-87.728,-87.726,18,80,0.822969,0.68,0.235294,D_1063
41.9082,41.9105,-87.726,-87.724,16,100,0.807462,0.529412,0.30303,D_1064
41.9082,41.9105,-87.724,-87.722,20,100,0.871806,0.85,0.118644,D_1065
41.9082,41.9105,-87.708,-87.706,4,80,0.864501,0.793103,0.159091,D_1066
41.9082,41.9105,-87.696,-87.694,20,85,0.871355,0.8,0.171875,D_1067
41.9082,41.9105,-87.694,-87.692,18,90,0.758129,0.413793,0.304348,D_1068
41.9082,41.9105,-87.692,-87.69,4,100,0.813878,0.714286,0.309524,D_1069
41.7485,41.7507,-87.666,-87.664,20,85,0.852468,0.785714,0.186047,D_107
41.9082,41.9105,-87.69,-87.688,4,95,0.777415,0.529412,0.276923,D_1070
41.9082,41.9105,-87.68,-87.678,20,80,0.732662,0.333333,0.38806,D_1071
41.9082,41.9105,-87.678,-87.676,12,85,0.96387,0.884615,0.0588235,D_1072
41.9082,41.9105,-87.676,-87.674,10,80,0.816445,0.75,0.233333,D_1073
41.9082,41.9105,-87.654,-87.652,8,95,0.899429,0.851852,0.102564,D_1074
41.9082,41.9105,-87.652,-87.65,18,85,0.894101,0.818182,0.0958904,D_1075
41.9082,41.9105,-87.64,-87.638,12,100,0.830724,0.769231,0.196078,D_1076
41.9105,41.9127,-87.748,-87.746,16,80,0.833559,0.6875,0.275362,D_1077
41.9105,41.9127,-87.746,-87.744,10,90,0.797508,0.7,0.294872,D_1078
41.9105,41.9127,-87.728,-87.726,12,80,0.859108,0.733333,0.238806,D_1079
41.7485,41.7507,-87.664,-87.662,8,85,0.8093,0.7,0.25641,D_108
41.9105,41.9127,-87.712,-87.71,8,85,0.8864,0.869565,0.125,D_1080
41.9105,41.9127,-87.68,-87.678,8,95,0.810422,0.583333,0.263889,D_1081
41.9105,41.9127,-87.678,-87.676,20,100,0.825452,0.666667,0.28125,D_1082
41.9105,41.9127,-87.672,-87.67,6,85,0.924031,0.866667,0.109589,D_1083
41.9105,41.9127,-87.668,-87.666,6,100,0.839787,0.727273,0.27027,D_1084
41.9105,41.9127,-87.654,-87.652,4,100,0.809552,0.625,0.314286,D_1085
41.9105,41.9127,-87.652,-87.65,18,95,0.899595,0.826087,0.132075,D_1086
41.9105,41.9127,-87.65,-87.648,4,100,0.86227,0.818182,0.145455,D_1087
41.9105,41.9127,-87.636,-87.634,14,95,0.845778,0.727273,0.225,D_1088
41.915,41.9172,-87.748,-87.746,12,90,0.845984,0.692308,0.25,D_1089
41.7485,41.7507,-87.662,-87.66,12,95,0.761419,0.461538,0.319444,D_109
41.915,41.9172,-87.728,-87.726,14,80,0.862767,0.8125,0.19403,D_1090
41.915,41.9172,-87.722,-87.72,4,90,0.850235,0.75,0.301205,D_1091
41.915,41.9172,-87.688,-87.686,10,95,0.807685,0.588235,0.322034,D_1092
41.9172,41.9195,-87.766,-87.764,18,100,0.829261,0.703704,0.208333,D_1093
41.9172,41.9195,-87.728,-87.726,4,95,0.816189,0.764706,0.19697,D_1094
41.9172,41.9195,-87.718,-87.716,4,85,0.858776,0.72,0.22,D_1095
41.9172,41.9195,-87.716,-87.714,8,80,0.711893,0.357143,0.372093,D_1096
41.9172,41.9195,-87.714,-87.712,16,100,0.936173,1,0.123596,D_1097
41.9172,41.9195,-87.698,-87.696,18,80,0.822709,0.615385,0.424658,D_1098
41.9172,41.9195,-87.692,-87.69,10,80,0.831582,0.736842,0.237288,D_1099
41.6787,41.681,-87.628,-87.626,16,80,0.869095,0.722222,0.2,D_11
41.7485,41.7507,-87.66,-87.658,4,95,0.881773,0.7,0.254237,D_110
41.9172,41.9195,-87.69,-87.688,6,95,0.889056,0.764706,0.179104,D_1100
41.9172,41.9195,-87.65,-87.648,20,80,0.851358,0.782609,0.192982,D_1101
41.9172,41.9195,-87.648,-87.646,18,80,0.861535,0.733333,0.232877,D_1102
41.9217,41.924,-87.788,-87.786,14,100,0.877228,0.857143,0.145455,D_1103
41.9217,41.924,-87.768,-87.766,10,90,0.847732,0.8,0.139241,D_1104
41.9217,41.924,-87.698,-87.696,16,90,0.895,0.8,0.196721,D_1105
41.9217,41.924,-87.646,-87.644,8,95,0.688376,0.428571,0.481481,D_1106
41.924,41.9262,-87.758,-87.756,6,85,0.861395,0.777778,0.151515,D_1107
41.924,41.9262,-87.748,-87.746,10,95,0.832453,0.636364,0.263158,D_1108
41.924,41.9262,-87.674,-87.672,16,100,0.758343,0.357143,0.38806,D_1109
41.7485,41.7507,-87.658,-87.656,10,85,0.83357,0.7,0.295082,D_111
41.924,41.9262,-87.654,-87.652,8,95,0.840342,0.758621,0.190476,D_1110
41.924,41.9262,-87.65,-87.648,4,95,0.749189,0.555556,0.318182,D_1111
41.924,41.9262,-87.64,-87.638,12,90,0.824094,0.65,0.271186,D_1112
41.9262,41.9285,-87.786,-87.784,4,100,0.832902,0.8,0.15493,D_1113
41.9262,41.9285,-87.736,-87.734,16,100,0.86402,0.791667,0.153846,D_1114
41.9262,41.9285,-87.706,-87.704,4,100,0.747346,0.5625,0.347826,D_1115
41.9285,41.9307,-87.708,-87.706,4,85,0.894675,0.733333,0.25,D_1116
41.9285,41.9307,-87.686,-87.684,8,90,0.858309,0.72,0.22449,D_1117
41.9307,41.933,-87.79,-87.788,12,80,0.829605,0.64,0.25,D_1118
41.9307,41.933,-87.748,-87.746,18,100,0.852812,0.727273,0.206897,D_1119
41.7485,41.7507,-87.652,-87.65,12,80,0.798086,0.625,0.308824,D_112
41.9307,41.933,-87.744,-87.742,20,85,0.883383,0.916667,0.125,D_1120
41.9307,41.933,-87.714,-87.712,12,80,0.822637,0.65,0.265625,D_1121
41.9307,41.933,-87.712,-87.71,20,85,0.851972,0.619048,0.245614,D_1122
41.9307,41.933,-87.682,-87.68,20,95,1,1,0,D_1123
41.9307,41.933,-87.68,-87.678,4,95,0.844381,0.7,0.378049,D_1124
41.9307,41.933,-87.646,-87.644,6,100,0.866203,0.761905,0.160714,D_1125
41.9307,41.933,-87.642,-87.64,4,80,0.910133,0.821429,0.172414,D_1126
41.933,41.9352,-87.646,-87.644,6,85,0.792195,0.551724,0.26087,D_1127
41.9352,41.9375,-87.784,-87.782,14,100,0.867378,0.75,0.283784,D_1128
41.9352,41.9375,-87.65,-87.648,20,85,0.826323,0.653846,0.234043,D_1129
41.7485,41.7507,-87.646,-87.644,20,80,0.84475,0.65625,0.243902,D_113
41.9375,41.9397,-87.748,-87.746,10,100,0.897358,0.866667,0.142857,D_1130
41.9375,41.9397,-87.724,-87.722,6,95,0.871528,0.6875,0.230769,D_1131
41.9375,41.9397,-87.712,-87.71,10,90,0.914409,0.9375,0.126761,D_1132
41.9375,41.9397,-87.65,-87.648,4,100,0.834369,0.761905,0.183333,D_1133
41.9375,41.9397,-87.646,-87.644,4,80,0.869693,0.863636,0.134615,D_1134
41.9397,41.942,-87.756,-87.754,18,85,0.889751,0.888889,0.17284,D_1135
41.9397,41.942,-87.728,-87.726,16,100,0.866553,0.8125,0.178082,D_1136
41.9397,41.942,-87.656,-87.654,18,95,0.87868,0.815789,0.147059,D_1137
41.9397,41.942,-87.654,-87.652,6,100,0.950816,0.904762,0,D_1138
41.9397,41.942,-87.652,-87.65,14,95,0.830809,0.676471,0.314286,D_1139
41.7485,41.7507,-87.636,-87.634,20,80,0.843965,0.6875,0.230769,D_114
41.9397,41.942,-87.65,-87.648,4,100,0.831648,0.724138,0.22449,D_1140
41.9397,41.942,-87.646,-87.644,16,100,0.827347,0.740741,0.3125,D_1141
41.942,41.9442,-87.69,-87.688,6,95,0.861587,0.772727,0.163636,D_1142
41.942,41.9442,-87.65,-87.648,14,85,0.904476,0.862745,0.12,D_1143
41.9442,41.9465,-87.656,-87.654,18,100,0.97797,0.963636,0.04,D_1144
41.9442,41.9465,-87.65,-87.648,14,85,0.863021,0.851852,0.130435,D_1145
41.9442,41.9465,-87.648,-87.646,6,85,0.913999,0.869565,0.107143,D_1146
41.9465,41.9487,-87.738,-87.736,16,90,0.941106,1,0.103896,D_1147
41.9465,41.9487,-87.658,-87.656,8,85,0.877748,0.783784,0.181818,D_1148
41.9465,41.9487,-87.656,-87.654,20,100,0.795503,0.5,0.392157,D_1149
41.7485,41.7507,-87.614,-87.612,12,85,0.862093,0.73913,0.22449,D_115
41.9465,41.9487,-87.654,-87.652,16,95,0.828449,0.653846,0.259259,D_1150
41.9465,41.9487,-87.65,-87.648,4,80,0.851695,0.774194,0.166667,D_1151
41.9487,41.951,-87.65,-87.648,18,95,0.823153,0.692308,0.22449,D_1152
41.951,41.9532,-87.788,-87.786,6,80,0.807926,0.666667,0.285714,D_1153
41.951,41.9532,-87.65,-87.648,8,95,0.773896,0.5,0.394737,D_1154
41.9532,41.9555,-87.75,-87.748,4,95,0.838228,0.666667,0.237288,D_1155
41.9532,41.9555,-87.748,-87.746,18,95,0.912187,0.92,0.142857,D_1156
41.9532,41.9555,-87.67,-87.668,4,85,0.872375,0.933333,0.15493,D_1157
41.9532,41.9555,-87.656,-87.654,6,85,0.872342,0.814815,0.176471,D_1158
41.96,41.9622,-87.714,-87.712,20,90,0.726913,0.368421,0.37931,D_1159
41.7485,41.7507,-87.612,-87.61,20,100,0.847468,0.727273,0.211538,D_116
41.96,41.9622,-87.656,-87.654,18,85,0.85491,0.771429,0.194444,D_1160
41.9622,41.9645,-87.662,-87.66,10,95,0.817645,0.684211,0.263158,D_1161
41.9622,41.9645,-87.656,-87.654,8,80,0.86366,0.710526,0.222222,D_1162
41.9622,41.9645,-87.654,-87.652,6,90,0.998531,1,0.0138889,D_1163
41.9645,41.9667,-87.716,-87.714,16,80,0.97104,0.818182,0.104478,D_1164
41.9645,41.9667,-87.664,-87.662,8,85,0.743581,0.5,0.493333,D_1165
41.9645,41.9667,-87.66,-87.658,18,95,0.856785,0.8,0.142857,D_1166
41.9645,41.9667,-87.658,-87.656,6,90,0.86305,0.8,0.157895,D_1167
41.9645,41.9667,-87.656,-87.654,4,80,0.833993,0.722222,0.241379,D_1168
41.9645,41.9667,-87.654,-87.652,4,100,0.952407,0.964286,0.0545455,D_1169
41.7485,41.7507,-87.608,-87.606,18,80,0.842136,0.590909,0.241379,D_117
41.9645,41.9667,-87.652,-87.65,12,90,1.00826,1,0,D_1170
41.9667,41.969,-87.72,-87.718,18,100,0.856652,0.545455,0.293333,D_1171
41.9667,41.969,-87.714,-87.712,8,80,0.816389,0.705882,0.213115,D_1172
41.9667,41.969,-87.69,-87.688,20,80,0.839743,0.647059,0.262295,D_1173
41.9667,41.969,-87.66,-87.658,10,85,0.885605,0.761905,0.163636,D_1174
41.9667,41.969,-87.656,-87.654,4,80,0.847724,0.625,0.303571,D_1175
41.969,41.9712,-87.764,-87.762,4,90,0.893959,0.857143,0.147059,D_1176
41.969,41.9712,-87.66,-87.658,6,80,0.884634,0.8,0.186441,D_1177
41.969,41.9712,-87.658,-87.656,4,85,0.868077,0.75,0.265306,D_1178
41.969,41.9712,-87.656,-87.654,4,95,0.869818,0.793103,0.166667,D_1179
41.7485,41.7507,-87.606,-87.604,12,80,0.79655,0.682927,0.40625,D_118
41.9712,41.9735,-87.66,-87.658,10,100,0.809729,0.454545,0.246753,D_1180
41.9712,41.9735,-87.658,-87.656,20,90,0.905166,0.909091,0.131148,D_1181
41.9712,41.9735,-87.656,-87.654,8,95,0.831505,0.642857,0.376812,D_1182
41.9735,41.9757,-87.68,-87.678,16,80,0.939807,1,0.130435,D_1183
41.9735,41.9757,-87.658,-87.656,14,80,0.85692,0.73913,0.2,D_1184
41.9735,41.9757,-87.656,-87.654,10,85,0.844032,0.722222,0.206897,D_1185
41.9757,41.978,-87.694,-87.692,4,90,1,1,0,D_1186
41.9757,41.978,-87.656,-87.654,4,95,0.867968,0.833333,0.166667,D_1187
41.978,41.9802,-87.66,-87.658,10,80,0.899082,0.857143,0.133333,D_1188
41.9802,41.9825,-87.658,-87.656,16,95,0.816467,0.625,0.266667,D_1189
41.7485,41.7507,-87.604,-87.602,6,95,0.863955,0.738095,0.208333,D_119
41.9825,41.9847,-87.662,-87.66,4,80,0.721703,0.3125,0.426471,D_1190
41.9825,41.9847,-87.66,-87.658,4,85,0.836552,0.7,0.217949,D_1191
41.9825,41.9847,-87.658,-87.656,4,100,0.827529,0.6,0.264151,D_1192
41.9847,41.987,-87.658,-87.656,18,90,0.832364,0.764706,0.184615,D_1193
41.9847,41.987,-87.656,-87.654,6,95,0.789577,0.526316,0.258065,D_1194
41.987,41.9892,-87.666,-87.664,14,85,0.883117,0.857143,0.188406,D_1195
41.9892,41.9915,-87.662,-87.66,8,80,0.810624,0.666667,0.285714,D_1196
41.9892,41.9915,-87.66,-87.658,4,90,0.812604,0.6,0.283582,D_1197
41.9892,41.9915,-87.658,-87.656,4,80,0.78625,0.473684,0.296875,D_1198
41.9937,41.996,-87.69,-87.688,4,100,0.760123,0.411765,0.333333,D_1199
41.681,41.6832,-87.622,-87.62,8,85,0.788469,0.631579,0.344828,D_12
41.7485,41.7507,-87.602,-87.6,6,85,0.997836,0.985294,0,D_120
41.996,41.9982,-87.7,-87.698,6,100,0.843296,0.833333,0.190476,D_1200
41.996,41.9982,-87.692,-87.69,6,90,1,1,0,D_1201
41.996,41.9982,-87.69,-87.688,4,95,0.865971,0.791667,0.169492,D_1202
41.9982,42.0005,-87.682,-87.68,12,80,0.888239,0.894737,0.0701754,D_1203
41.9982,42.0005,-87.672,-87.67,8,90,0.864175,0.8,0.101449,D_1204
42.0005,42.0027,-87.672,-87.67,4,80,0.842827,0.625,0.230769,D_1205
42.0005,42.0027,-87.662,-87.66,8,95,0.825972,0.6,0.234375,D_1206
42.0027,42.005,-87.674,-87.672,4,85,0.866587,0.538462,0.225352,D_1207
42.0027,42.005,-87.662,-87.66,10,80,0.849693,0.866667,0.164384,D_1208
42.005,42.0072,-87.672,-87.67,18,90,0.863928,0.642857,0.220588,D_1209
41.7485,41.7507,-87.6,-87.598,20,80,0.852603,0.777778,0.174603,D_121
42.005,42.0072,-87.662,-87.66,18,80,0.893889,0.857143,0.164384,D_1210
42.0072,42.0095,-87.672,-87.67,8,100,0.867843,0.823529,0.151515,D_1211
42.0072,42.0095,-87.668,-87.666,4,95,0.833353,0.695652,0.222222,D_1212
42.0072,42.0095,-87.666,-87.664,20,80,0.792726,0.5,0.307692,D_1213
42.0072,42.0095,-87.662,-87.66,18,85,0.843091,0.647059,0.246154,D_1214
42.0095,42.0117,-87.676,-87.674,16,100,0.854125,0.705882,0.241935,D_1215
42.0095,42.0117,-87.666,-87.664,20,85,0.723678,0.454545,0.37037,D_1216
42.014,42.0162,-87.682,-87.68,6,80,0.900402,0.85,0.153846,D_1217
42.014,42.0162,-87.68,-87.678,18,80,0.995903,0.96,0.0192308,D_1218
42.0162,42.0185,-87.682,-87.68,6,80,0.776517,0.588235,0.344262,D_1219
41.7507,41.753,-87.666,-87.664,18,85,0.896085,0.740741,0.23913,D_122
42.0162,42.0185,-87.676,-87.674,6,90,0.845633,0.72,0.24,D_1220
42.0162,42.0185,-87.67,-87.668,8,80,0.820952,0.705882,0.272727,D_1221
42.0185,42.0207,-87.676,-87.674,8,100,0.881747,0.709677,0.2,D_1222
42.0185,42.0207,-87.674,-87.672,4,95,0.87562,0.767442,0.142857,D_1223
42.0185,42.0207,-87.672,-87.67,10,100,0.849175,0.714286,0.217391,D_1224
42.0185,42.0207,-87.67,-87.668,18,80,0.84532,0.75,0.244898,D_1225
42.0185,42.0207,-87.668,-87.666,20,100,0.841957,0.791667,0.196078,D_1226
42.0207,42.023,-87.674,-87.672,20,85,0.887493,0.806452,0.148936,D_1227
42.0207,42.023,-87.672,-87.67,16,80,0.840308,0.608696,0.2,D_1228
41.7507,41.753,-87.662,-87.66,20,95,0.837408,0.714286,0.224138,D_123
41.7507,41.753,-87.646,-87.644,20,80,0.858957,0.771429,0.188679,D_124
41.7507,41.753,-87.636,-87.634,8,100,0.85638,0.705882,0.230769,D_125
41.7507,41.753,-87.628,-87.626,20,100,0.781254,0.68,0.2,D_126
41.7507,41.753,-87.626,-87.624,18,80,0.775462,0.647059,0.4,D_127
41.7507,41.753,-87.608,-87.606,8,95,0.835943,0.675,0.272727,D_128
41.7507,41.753,-87.606,-87.604,4,80,0.929104,0.897959,0.0434783,D_129
41.6832,41.6855,-87.644,-87.642,6,95,0.818007,0.689655,0.363636,D_13
41.7507,41.753,-87.604,-87.602,4,80,0.848698,0.62963,0.212766,D_130
41.7507,41.753,-87.602,-87.6,18,80,0.88211,0.769231,0.166667,D_131
41.7507,41.753,-87.592,-87.59,6,85,0.842016,0.631579,0.253968,D_132
41.7507,41.753,-87.586,-87.584,8,100,0.904363,0.866667,0.0952381,D_133
41.7507,41.753,-87.584,-87.582,16,95,0.854506,0.766667,0.181818,D_134
41.7507,41.753,-87.582,-87.58,6,90,0.759309,0.636364,0.378378,D_135
41.7507,41.753,-87.58,-87.578,4,100,0.865019,0.821429,0.159091,D_136
41.7507,41.753,-87.578,-87.576,6,95,0.818284,0.619048,0.214286,D_137
41.7507,41.753,-87.576,-87.574,10,100,0.851455,0.764706,0.183099,D_138
41.7507,41.753,-87.57,-87.568,18,95,0.891064,0.833333,0.178082,D_139
41.6832,41.6855,-87.626,-87.624,4,85,0.875442,0.846154,0.175676,D_14
41.7507,41.753,-87.568,-87.566,8,100,0.800762,0.666667,0.362069,D_140
41.7507,41.753,-87.566,-87.564,18,95,0.915616,0.818182,0.166667,D_141
41.7507,41.753,-87.564,-87.562,18,90,0.85131,0.692308,0.21875,D_142
41.7507,41.753,-87.562,-87.56,6,80,0.872761,0.782609,0.166667,D_143
41.7507,41.753,-87.56,-87.558,10,95,0.841869,0.666667,0.297297,D_144
41.7507,41.753,-87.558,-87.556,14,100,0.831162,0.642857,0.352941,D_145
41.7507,41.753,-87.556,-87.554,10,85,0.776349,0.416667,0.390244,D_146
41.7507,41.753,-87.554,-87.552,20,100,0.869289,0.695652,0.204082,D_147
41.7507,41.753,-87.552,-87.55,4,80,0.85636,0.789474,0.178571,D_148
41.7507,41.753,-87.55,-87.548,6,85,0.868806,0.777778,0.147541,D_149
41.6855,41.6877,-87.644,-87.642,8,80,0.857294,0.727273,0.282051,D_15
41.753,41.7552,-87.742,-87.74,20,95,1,1,0,D_150
41.753,41.7552,-87.666,-87.664,12,100,0.959424,0.954545,0.05,D_151
41.753,41.7552,-87.654,-87.652,4,90,0.858486,0.75,0.309091,D_152
41.753,41.7552,-87.652,-87.65,6,100,0.809271,0.555556,0.305085,D_153
41.753,41.7552,-87.648,-87.646,8,95,0.914133,0.789474,0.123077,D_154
41.753,41.7552,-87.646,-87.644,4,80,0.810449,0.689655,0.210526,D_155
41.753,41.7552,-87.602,-87.6,12,80,0.876594,0.727273,0.31746,D_156
41.753,41.7552,-87.568,-87.566,16,80,0.882323,0.7,0.210526,D_157
41.753,41.7552,-87.566,-87.564,14,100,0.814838,0.761905,0.188679,D_158
41.753,41.7552,-87.564,-87.562,6,100,0.835536,0.714286,0.272727,D_159
41.6877,41.69,-87.638,-87.636,12,100,0.867734,0.823529,0.126984,D_16
41.753,41.7552,-87.56,-87.558,14,90,0.838192,0.708333,0.377358,D_160
41.753,41.7552,-87.558,-87.556,14,80,0.871675,0.76,0.176471,D_161
41.753,41.7552,-87.556,-87.554,14,85,0.946401,1,0.0952381,D_162
41.753,41.7552,-87.554,-87.552,16,95,0.868812,0.684211,0.210526,D_163
41.753,41.7552,-87.552,-87.55,4,100,0.894286,0.894737,0.153846,D_164
41.7552,41.7575,-87.658,-87.656,20,85,0.840188,0.733333,0.242424,D_165
41.7552,41.7575,-87.654,-87.652,16,85,0.809123,0.586207,0.232558,D_166
41.7552,41.7575,-87.652,-87.65,20,85,0.784696,0.6,0.472222,D_167
41.7552,41.7575,-87.648,-87.646,10,80,0.866148,0.666667,0.230769,D_168
41.7552,41.7575,-87.646,-87.644,8,95,0.934905,0.918919,0.0967742,D_169
41.6877,41.69,-87.628,-87.626,10,80,0.846686,0.684211,0.262295,D_17
41.7552,41.7575,-87.644,-87.642,16,100,0.847523,0.571429,0.217391,D_170
41.7552,41.7575,-87.642,-87.64,8,85,0.852276,0.625,0.257143,D_171
41.7552,41.7575,-87.636,-87.634,4,85,0.826035,0.666667,0.258065,D_172
41.7552,41.7575,-87.58,-87.578,6,80,0.845896,0.769231,0.157895,D_173
41.7552,41.7575,-87.566,-87.564,6,90,0.891454,0.833333,0.173077,D_174
41.7552,41.7575,-87.564,-87.562,10,90,0.976655,0.95122,0.0277778,D_175
41.7552,41.7575,-87.562,-87.56,18,80,0.826155,0.636364,0.232143,D_176
41.7552,41.7575,-87.556,-87.554,4,90,0.812449,0.625,0.269841,D_177
41.7552,41.7575,-87.554,-87.552,16,80,0.89674,0.863636,0.132075,D_178
41.7575,41.7597,-87.636,-87.634,4,90,0.851577,0.727273,0.22,D_179
41.6877,41.69,-87.624,-87.622,8,95,0.920391,0.8,0.0833333,D_18
41.7575,41.7597,-87.634,-87.632,4,95,0.848092,0.684211,0.222222,D_180
41.7575,41.7597,-87.626,-87.624,20,80,0.859475,0.8125,0.149254,D_181
41.7575,41.7597,-87.618,-87.616,6,85,0.835757,0.611111,0.292308,D_182
41.7575,41.7597,-87.616,-87.614,4,85,0.783254,0.666667,0.315789,D_183
41.7575,41.7597,-87.614,-87.612,4,95,0.758911,0.631579,0.508772,D_184
41.7575,41.7597,-87.612,-87.61,12,85,0.893088,0.714286,0.220588,D_185
41.7575,41.7597,-87.608,-87.606,4,95,0.849222,0.76,0.185185,D_186
41.7575,41.7597,-87.606,-87.604,10,90,1.00084,1,0,D_187
41.7575,41.7597,-87.592,-87.59,8,90,0.8787,0.866667,0.151515,D_188
41.7575,41.7597,-87.588,-87.586,12,95,0.808438,0.612903,0.268293,D_189
41.6877,41.69,-87.622,-87.62,6,80,0.879617,0.789474,0.153846,D_19
41.7575,41.7597,-87.586,-87.584,8,100,0.831871,0.64,0.25,D_190
41.7575,41.7597,-87.58,-87.578,6,95,0.924736,0.875,0.0843373,D_191
41.7575,41.7597,-87.568,-87.566,8,90,0.747795,0.538462,0.422535,D_192
41.7575,41.7597,-87.566,-87.564,6,100,0.88189,0.772727,0.12069,D_193
41.7575,41.7597,-87.564,-87.562,8,90,0.929456,0.829268,0.115385,D_194
41.7575,41.7597,-87.562,-87.56,20,90,0.855329,0.708333,0.218182,D_195
41.7575,41.7597,-87.56,-87.558,6,95,0.831986,0.611111,0.213115,D_196
41.7575,41.7597,-87.558,-87.556,8,95,1,1,0,D_197
41.7575,41.7597,-87.556,-87.554,4,95,0.857385,0.8125,0.166667,D_198
41.7597,41.762,-87.664,-87.662,10,80,0.814716,0.75,0.28125,D_199
41.6562,41.6585,-87.616,-87.614,18,80,0.908244,0.774194,0.142857,D_2
41.6877,41.69,-87.62,-87.618,10,85,0.871038,0.857143,0.173913,D_20
41.7597,41.762,-87.646,-87.644,14,90,0.95318,0.884615,0.037037,D_200
41.7597,41.762,-87.592,-87.59,4,80,0.891174,0.722222,0.234375,D_201
41.7597,41.762,-87.578,-87.576,8,100,0.837912,0.681818,0.254545,D_202
41.7597,41.762,-87.566,-87.564,20,85,0.887133,0.782609,0.175439,D_203
41.7597,41.762,-87.564,-87.562,6,95,0.86897,0.692308,0.253333,D_204
41.7597,41.762,-87.56,-87.558,20,90,0.827965,0.608696,0.25,D_205
41.7597,41.762,-87.558,-87.556,12,90,0.864055,0.655172,0.208333,D_206
41.762,41.7642,-87.69,-87.688,4,85,0.911058,0.842105,0.112903,D_207
41.762,41.7642,-87.686,-87.684,10,85,0.905165,0.837838,0.121951,D_208
41.762,41.7642,-87.684,-87.682,20,85,0.848881,0.733333,0.217391,D_209
41.6877,41.69,-87.538,-87.536,18,100,0.832023,0.8125,0.166667,D_21
41.762,41.7642,-87.674,-87.672,6,95,0.898691,0.727273,0.205128,D_210
41.762,41.7642,-87.668,-87.666,6,80,0.931294,0.909091,0.0645161,D_211
41.762,41.7642,-87.664,-87.662,4,95,0.855994,0.733333,0.202899,D_212
41.762,41.7642,-87.656,-87.654,6,95,0.864721,0.8,0.163636,D_213
41.762,41.7642,-87.646,-87.644,16,100,0.87774,0.833333,0.159091,D_214
41.762,41.7642,-87.642,-87.64,20,85,0.880592,0.826087,0.15,D_215
41.762,41.7642,-87.588,-87.586,6,85,0.872774,0.724138,0.22,D_216
41.762,41.7642,-87.58,-87.578,20,80,0.870321,0.809524,0.148148,D_217
41.762,41.7642,-87.578,-87.576,16,95,0.862283,0.777778,0.192308,D_218
41.762,41.7642,-87.568,-87.566,10,100,0.853752,0.8,0.138462,D_219
41.69,41.6922,-87.666,-87.664,10,85,0.874405,0.857143,0.0877193,D_22
41.762,41.7642,-87.566,-87.564,4,90,0.813073,0.724138,0.214286,D_220
41.762,41.7642,-87.564,-87.562,16,80,0.863241,0.866667,0.191176,D_221
41.762,41.7642,-87.562,-87.56,14,85,0.841621,0.777778,0.164179,D_222
41.7642,41.7665,-87.724,-87.722,16,85,0.923498,0.846154,0.0819672,D_223
41.7642,41.7665,-87.69,-87.688,10,100,0.853387,0.782609,0.150943,D_224
41.7642,41.7665,-87.686,-87.684,6,80,0.870282,0.833333,0.145161,D_225
41.7642,41.7665,-87.674,-87.672,14,80,0.920502,0.8,0.15625,D_226
41.7642,41.7665,-87.664,-87.662,6,80,0.86251,0.761905,0.173913,D_227
41.7642,41.7665,-87.658,-87.656,8,95,0.788575,0.684211,0.328125,D_228
41.7642,41.7665,-87.656,-87.654,8,80,1,1,0,D_229
41.69,41.6922,-87.622,-87.62,20,100,0.822664,0.684211,0.233333,D_23
41.7642,41.7665,-87.652,-87.65,6,100,0.824919,0.571429,0.315789,D_230
41.7642,41.7665,-87.65,-87.648,8,100,0.897343,0.935484,0.113636,D_231
41.7642,41.7665,-87.646,-87.644,16,90,0.80999,0.607143,0.266667,D_232
41.7642,41.7665,-87.644,-87.642,6,95,0.852877,0.875,0.176471,D_233
41.7642,41.7665,-87.642,-87.64,16,80,0.823707,0.7,0.225,D_234
41.7642,41.7665,-87.636,-87.634,14,100,0.825523,0.588235,0.227273,D_235
41.7642,41.7665,-87.63,-87.628,4,80,0.864956,0.73913,0.24,D_236
41.7642,41.7665,-87.628,-87.626,4,80,0.859794,0.818182,0.175439,D_237
41.7642,41.7665,-87.626,-87.624,10,100,0.893753,0.783784,0.0789474,D_238
41.7642,41.7665,-87.622,-87.62,4,95,0.809582,0.684211,0.25,D_239
41.69,41.6922,-87.62,-87.618,14,85,0.869401,0.866667,0.181818,D_24
41.7642,41.7665,-87.616,-87.614,6,100,0.857082,0.757576,0.170732,D_240
41.7642,41.7665,-87.612,-87.61,4,80,0.830732,0.714286,0.214286,D_241
41.7642,41.7665,-87.586,-87.584,18,85,0.822489,0.583333,0.283019,D_242
41.7642,41.7665,-87.584,-87.582,8,85,0.891048,0.869565,0.157895,D_243
41.7642,41.7665,-87.582,-87.58,14,85,0.923007,0.757576,0.176471,D_244
41.7642,41.7665,-87.58,-87.578,10,100,0.86157,0.741935,0.204545,D_245
41.7642,41.7665,-87.578,-87.576,6,80,0.880588,0.8,0.173913,D_246
41.7642,41.7665,-87.576,-87.574,4,100,0.758801,0.652174,0.32,D_247
41.7642,41.7665,-87.574,-87.572,4,80,0.939533,0.914286,0.102564,D_248
41.7642,41.7665,-87.564,-87.562,8,85,0.87031,0.8,0.163934,D_249
41.69,41.6922,-87.614,-87.612,4,90,0.84017,0.681818,0.254545,D_25
41.7642,41.7665,-87.562,-87.56,18,90,0.899232,0.857143,0.178571,D_250
41.7665,41.7687,-87.69,-87.688,16,100,0.865026,0.8125,0.19403,D_251
41.7665,41.7687,-87.686,-87.684,6,90,0.892407,0.809524,0.131148,D_252
41.7665,41.7687,-87.684,-87.682,18,90,0.808618,0.529412,0.269841,D_253
41.7665,41.7687,-87.676,-87.674,14,85,0.894591,0.75,0.207547,D_254
41.7665,41.7687,-87.664,-87.662,8,85,0.88036,0.794872,0.111111,D_255
41.7665,41.7687,-87.662,-87.66,6,80,0.851755,0.857143,0.166667,D_256
41.7665,41.7687,-87.656,-87.654,14,100,0.862248,0.916667,0.183099,D_257
41.7665,41.7687,-87.65,-87.648,14,80,0.819015,0.647059,0.290323,D_258
41.7665,41.7687,-87.646,-87.644,16,100,0.847523,0.758621,0.190476,D_259
41.6922,41.6945,-87.628,-87.626,4,95,0.830461,0.678571,0.255319,D_26
41.7665,41.7687,-87.638,-87.636,16,85,0.87093,0.84375,0.155556,D_260
41.7665,41.7687,-87.63,-87.628,10,90,0.882298,0.681818,0.222222,D_261
41.7665,41.7687,-87.622,-87.62,6,90,0.848736,0.677419,0.263158,D_262
41.7665,41.7687,-87.616,-87.614,18,100,0.844191,0.727273,0.232143,D_263
41.7665,41.7687,-87.592,-87.59,10,95,0.850626,0.833333,0.150685,D_264
41.7665,41.7687,-87.586,-87.584,10,85,0.853184,0.8,0.188406,D_265
41.7665,41.7687,-87.578,-87.576,14,80,0.838826,0.833333,0.163265,D_266
41.7665,41.7687,-87.576,-87.574,4,80,0.894757,0.833333,0.117647,D_267
41.7665,41.7687,-87.574,-87.572,16,90,0.896373,0.853659,0.115385,D_268
41.7665,41.7687,-87.572,-87.57,14,90,0.818286,0.727273,0.211538,D_269
41.6922,41.6945,-87.626,-87.624,20,90,0.897718,0.8,0.169811,D_27
41.7665,41.7687,-87.57,-87.568,20,85,0.843938,0.681818,0.245283,D_270
41.7687,41.771,-87.686,-87.684,8,95,1,1,0,D_271
41.7687,41.771,-87.684,-87.682,4,100,0.909802,0.933333,0.144928,D_272
41.7687,41.771,-87.664,-87.662,6,95,0.883216,0.833333,0.177419,D_273
41.7687,41.771,-87.662,-87.66,12,80,0.852586,0.6,0.25974,D_274
41.7687,41.771,-87.658,-87.656,12,90,0.900215,0.785714,0.142857,D_275
41.7687,41.771,-87.65,-87.648,20,85,0.845176,0.666667,0.233333,D_276
41.7687,41.771,-87.646,-87.644,16,100,0.801626,0.571429,0.25,D_277
41.7687,41.771,-87.638,-87.636,8,95,0.915687,0.851852,0.0833333,D_278
41.7687,41.771,-87.63,-87.628,4,85,0.887176,0.8125,0.15,D_279
41.6922,41.6945,-87.624,-87.622,8,85,0.830965,0.545455,0.293333,D_28
41.7687,41.771,-87.626,-87.624,18,80,0.895375,0.928571,0.15942,D_280
41.7687,41.771,-87.622,-87.62,20,95,0.874697,0.761905,0.148148,D_281
41.7687,41.771,-87.62,-87.618,8,100,0.893083,0.761905,0.160714,D_282
41.7687,41.771,-87.61,-87.608,18,100,0.970745,0.941176,0.101449,D_283
41.7687,41.771,-87.592,-87.59,8,100,0.865514,0.741935,0.2,D_284
41.7687,41.771,-87.586,-87.584,4,100,0.827456,0.588235,0.305556,D_285
41.7687,41.771,-87.584,-87.582,20,80,0.842637,0.714286,0.217391,D_286
41.7687,41.771,-87.578,-87.576,4,85,0.867675,0.8125,0.190476,D_287
41.7687,41.771,-87.574,-87.572,12,95,0.741364,0.36,0.301887,D_288
41.7687,41.771,-87.572,-87.57,10,85,0.822974,0.625,0.27451,D_289
41.6922,41.6945,-87.622,-87.62,18,85,0.926958,0.885714,0.0731707,D_29
41.7687,41.771,-87.57,-87.568,4,90,0.786071,0.59375,0.391304,D_290
41.771,41.7732,-87.704,-87.702,16,95,0.795282,0.52381,0.310345,D_291
41.771,41.7732,-87.694,-87.692,16,85,0.857741,0.818182,0.175676,D_292
41.771,41.7732,-87.686,-87.684,18,100,0.903816,0.863636,0.113208,D_293
41.771,41.7732,-87.684,-87.682,10,80,0.881276,0.9,0.139535,D_294
41.771,41.7732,-87.682,-87.68,16,100,0.879668,0.8,0.19697,D_295
41.771,41.7732,-87.674,-87.672,12,85,0.885185,0.772727,0.08,D_296
41.771,41.7732,-87.672,-87.67,6,85,0.897551,0.84,0.122449,D_297
41.771,41.7732,-87.666,-87.664,6,85,0.860929,0.8125,0.179487,D_298
41.771,41.7732,-87.662,-87.66,20,80,0.789383,0.611111,0.225806,D_299
41.6562,41.6585,-87.606,-87.604,18,80,0.839145,0.621622,0.352941,D_3
41.6922,41.6945,-87.614,-87.612,18,100,0.858013,0.783784,0.178571,D_30
41.771,41.7732,-87.65,-87.648,20,100,0.859855,0.857143,0.150943,D_300
41.771,41.7732,-87.646,-87.644,12,100,0.950435,0.886792,0,D_301
41.771,41.7732,-87.622,-87.62,18,80,0.849572,0.764706,0.19697,D_302
41.771,41.7732,-87.612,-87.61,4,90,0.957472,1,0.0714286,D_303
41.771,41.7732,-87.61,-87.608,20,85,0.849601,0.75,0.2875,D_304
41.771,41.7732,-87.592,-87.59,4,80,0.796019,0.631579,0.258065,D_305
41.771,41.7732,-87.59,-87.588,6,85,0.858083,0.818182,0.186667,D_306
41.771,41.7732,-87.588,-87.586,12,95,0.87264,0.8,0.155556,D_307
41.771,41.7732,-87.584,-87.582,4,80,0.873212,0.833333,0.151515,D_308
41.771,41.7732,-87.578,-87.576,16,80,0.873791,0.826087,0.176471,D_309
41.6922,41.6945,-87.606,-87.604,10,100,0.817677,0.5625,0.214286,D_31
41.771,41.7732,-87.576,-87.574,12,95,0.855421,0.685714,0.216216,D_310
41.771,41.7732,-87.574,-87.572,12,90,0.79511,0.677419,0.3,D_311
41.771,41.7732,-87.572,-87.57,8,95,0.855183,0.75,0.2,D_312
41.7732,41.7755,-87.704,-87.702,20,100,0.827554,0.75,0.25,D_313
41.7732,41.7755,-87.694,-87.692,4,95,0.823845,0.666667,0.241379,D_314
41.7732,41.7755,-87.686,-87.684,18,100,0.832108,0.722222,0.223881,D_315
41.7732,41.7755,-87.684,-87.682,4,85,0.862088,0.703704,0.282609,D_316
41.7732,41.7755,-87.674,-87.672,10,95,0.809511,0.619048,0.359375,D_317
41.7732,41.7755,-87.672,-87.67,14,90,0.906297,0.85,0.193548,D_318
41.7732,41.7755,-87.67,-87.668,16,95,0.790769,0.5,0.313433,D_319
41.6945,41.6967,-87.628,-87.626,20,100,0.737765,0.642857,0.413043,D_32
41.7732,41.7755,-87.668,-87.666,10,85,0.864801,0.761905,0.150943,D_320
41.7732,41.7755,-87.666,-87.664,16,85,0.821356,0.608696,0.313725,D_321
41.7732,41.7755,-87.662,-87.66,20,90,0.885403,0.903226,0.162791,D_322
41.7732,41.7755,-87.65,-87.648,4,90,0.826737,0.565217,0.27451,D_323
41.7732,41.7755,-87.646,-87.644,18,90,0.788483,0.56,0.351852,D_324
41.7732,41.7755,-87.642,-87.64,18,85,0.835999,0.772727,0.181818,D_325
41.7732,41.7755,-87.616,-87.614,10,85,0.842452,0.62963,0.24,D_326
41.7732,41.7755,-87.612,-87.61,18,100,0.926841,0.833333,0.145833,D_327
41.7732,41.7755,-87.61,-87.608,4,85,0.844526,0.789474,0.15873,D_328
41.7732,41.7755,-87.606,-87.604,4,80,0.818839,0.625,0.296296,D_329
41.6945,41.6967,-87.614,-87.612,4,95,0.828342,0.7,0.241935,D_33
41.7732,41.7755,-87.604,-87.602,10,95,0.775033,0.333333,0.34375,D_330
41.7732,41.7755,-87.588,-87.586,8,90,0.865581,0.75,0.212121,D_331
41.7755,41.7777,-87.704,-87.702,20,90,0.846871,0.681818,0.206349,D_332
41.7755,41.7777,-87.694,-87.692,20,90,0.895546,0.941176,0.16129,D_333
41.7755,41.7777,-87.69,-87.688,20,100,0.806037,0.8,0.180556,D_334
41.7755,41.7777,-87.688,-87.686,12,95,0.876989,0.909091,0.140351,D_335
41.7755,41.7777,-87.674,-87.672,4,80,0.866571,0.764706,0.147541,D_336
41.7755,41.7777,-87.672,-87.67,4,85,0.884276,0.8,0.186441,D_337
41.7755,41.7777,-87.666,-87.664,14,90,0.880095,0.782609,0.133333,D_338
41.7755,41.7777,-87.662,-87.66,6,90,0.761926,0.535714,0.395833,D_339
41.6967,41.699,-87.63,-87.628,6,90,0.810395,0.619048,0.283019,D_34
41.7755,41.7777,-87.65,-87.648,6,80,0.76916,0.64,0.375,D_340
41.7755,41.7777,-87.646,-87.644,18,100,0.841027,0.5,0.239437,D_341
41.7755,41.7777,-87.642,-87.64,20,95,0.844761,0.714286,0.216667,D_342
41.7755,41.7777,-87.616,-87.614,14,100,0.934455,0.839286,0.1,D_343
41.7755,41.7777,-87.612,-87.61,18,95,0.858196,0.714286,0.2,D_344
41.7755,41.7777,-87.61,-87.608,14,85,0.8918,0.823529,0.0952381,D_345
41.7755,41.7777,-87.606,-87.604,4,100,0.959442,0.971429,0.0238095,D_346
41.7777,41.78,-87.704,-87.702,20,90,0.833183,0.68,0.255319,D_347
41.7777,41.78,-87.702,-87.7,10,95,0.888761,0.842105,0.109375,D_348
41.7777,41.78,-87.7,-87.698,16,80,0.851867,0.807692,0.173913,D_349
41.699,41.7012,-87.644,-87.642,6,95,0.871929,0.8,0.179104,D_35
41.7777,41.78,-87.698,-87.696,18,95,0.85932,0.666667,0.216667,D_350
41.7777,41.78,-87.696,-87.694,12,95,0.992415,0.916667,0.0357143,D_351
41.7777,41.78,-87.694,-87.692,14,95,0.842449,0.756098,0.176471,D_352
41.7777,41.78,-87.69,-87.688,8,80,0.860114,0.771429,0.192308,D_353
41.7777,41.78,-87.688,-87.686,10,80,0.903678,0.758621,0.125,D_354
41.7777,41.78,-87.686,-87.684,4,85,0.904125,0.823529,0.105263,D_355
41.7777,41.78,-87.684,-87.682,20,80,0.902951,0.875,0.132353,D_356
41.7777,41.78,-87.676,-87.674,6,80,0.820634,0.724138,0.27907,D_357
41.7777,41.78,-87.674,-87.672,10,95,0.72672,0.4,0.327586,D_358
41.7777,41.78,-87.672,-87.67,6,90,0.747782,0.333333,0.261905,D_359
41.699,41.7012,-87.63,-87.628,6,90,0.786189,0.5,0.311475,D_36
41.7777,41.78,-87.666,-87.664,20,80,0.887219,0.868421,0.171429,D_360
41.7777,41.78,-87.662,-87.66,14,95,0.845758,0.740741,0.219512,D_361
41.7777,41.78,-87.656,-87.654,14,80,0.857112,0.733333,0.210526,D_362
41.7777,41.78,-87.654,-87.652,4,90,0.88208,0.777778,0.130435,D_363
41.7777,41.78,-87.652,-87.65,12,100,0.844933,0.588235,0.276923,D_364
41.7777,41.78,-87.646,-87.644,18,80,0.812044,0.612903,0.275,D_365
41.7777,41.78,-87.642,-87.64,20,100,0.876538,0.904762,0.131148,D_366
41.7777,41.78,-87.634,-87.632,8,95,0.877008,0.761905,0.192308,D_367
41.7777,41.78,-87.632,-87.63,12,85,0.817232,0.571429,0.242424,D_368
41.699,41.7012,-87.624,-87.622,6,85,0.918329,0.904762,0.125,D_37
41.7777,41.78,-87.614,-87.612,8,90,0.826294,0.761905,0.189655,D_370
41.7777,41.78,-87.612,-87.61,10,95,0.860448,0.692308,0.205128,D_371
41.7777,41.78,-87.61,-87.608,20,100,0.857372,0.6875,0.202899,D_372
41.7777,41.78,-87.606,-87.604,18,90,0.927199,0.78,0.181818,D_373
41.7777,41.78,-87.602,-87.6,12,80,0.824239,0.675,0.285714,D_374
41.7777,41.78,-87.588,-87.586,18,85,0.897533,0.833333,0.0980392,D_375
41.78,41.7822,-87.7,-87.698,20,85,0.771658,0.538462,0.395349,D_376
41.78,41.7822,-87.696,-87.694,4,80,0.877888,0.842105,0.166667,D_377
41.78,41.7822,-87.694,-87.692,12,80,0.852097,0.71875,0.23913,D_378
41.78,41.7822,-87.69,-87.688,6,100,0.760982,0.526316,0.354839,D_379
41.699,41.7012,-87.608,-87.606,8,90,0.889735,0.705882,0.208955,D_38
41.78,41.7822,-87.688,-87.686,10,90,0.833059,0.692308,0.235294,D_380
41.78,41.7822,-87.686,-87.684,4,80,0.892724,0.757576,0.15,D_381
41.78,41.7822,-87.684,-87.682,10,80,0.873277,0.818182,0.189189,D_382
41.78,41.7822,-87.666,-87.664,10,95,0.805647,0.710526,0.310345,D_383
41.78,41.7822,-87.622,-87.62,6,100,0.776077,0.517241,0.3,D_384
41.78,41.7822,-87.618,-87.616,14,100,0.88163,0.777778,0.197531,D_385
41.78,41.7822,-87.616,-87.614,8,95,1,1,0,D_386
41.78,41.7822,-87.614,-87.612,4,100,0.786066,0.470588,0.383333,D_387
41.78,41.7822,-87.612,-87.61,8,100,0.81581,0.625,0.215385,D_388
41.78,41.7822,-87.61,-87.608,4,90,0.808016,0.5,0.234375,D_389
41.7012,41.7035,-87.63,-87.628,6,80,0.789887,0.545455,0.264151,D_39
41.78,41.7822,-87.608,-87.606,4,85,0.925123,1,0.0987654,D_390
41.78,41.7822,-87.606,-87.604,6,100,0.895905,0.826087,0.183333,D_391
41.78,41.7822,-87.588,-87.586,10,80,0.922055,0.897436,0.113636,D_392
41.7822,41.7845,-87.704,-87.702,10,95,0.853323,0.866667,0.188406,D_393
41.7822,41.7845,-87.69,-87.688,20,90,0.733233,0.458333,0.326531,D_394
41.7822,41.7845,-87.684,-87.682,20,85,0.893853,0.888889,0.128205,D_395
41.7822,41.7845,-87.672,-87.67,10,95,0.799513,0.666667,0.272727,D_396
41.7822,41.7845,-87.668,-87.666,18,80,0.836575,0.6,0.253521,D_397
41.7822,41.7845,-87.666,-87.664,12,85,0.804918,0.6,0.340909,D_398
41.7822,41.7845,-87.662,-87.66,10,95,0.775893,0.64,0.28,D_399
41.6562,41.6585,-87.604,-87.602,20,95,0.818286,0.636364,0.230769,D_4
41.7012,41.7035,-87.626,-87.624,12,100,0.822127,0.5625,0.25,D_40
41.7822,41.7845,-87.656,-87.654,16,85,0.861825,0.6875,0.323077,D_400
41.7822,41.7845,-87.654,-87.652,12,95,0.832777,0.736842,0.245902,D_401
41.7822,41.7845,-87.65,-87.648,20,100,0.784742,0.647059,0.333333,D_402
41.7822,41.7845,-87.616,-87.614,18,85,0.838751,0.675,0.222222,D_403
41.7822,41.7845,-87.614,-87.612,4,90,0.863159,0.76,0.192982,D_404
41.7822,41.7845,-87.61,-87.608,10,90,0.83654,0.695652,0.3,D_405
41.7822,41.7845,-87.608,-87.606,6,80,0.865822,0.814815,0.159091,D_406
41.7822,41.7845,-87.606,-87.604,6,95,0.849435,0.764706,0.117647,D_407
41.7845,41.7867,-87.704,-87.702,16,100,0.835439,0.846154,0.191176,D_408
41.7845,41.7867,-87.694,-87.692,4,90,0.792323,0.647059,0.235294,D_409
41.7012,41.7035,-87.624,-87.622,4,100,0.856529,0.666667,0.306667,D_41
41.7845,41.7867,-87.69,-87.688,10,80,0.825352,0.769231,0.177778,D_410
41.7845,41.7867,-87.688,-87.686,14,80,0.903335,0.933333,0.128571,D_411
41.7845,41.7867,-87.666,-87.664,20,80,0.911626,0.888889,0.0384615,D_412
41.7845,41.7867,-87.656,-87.654,18,100,0.860853,0.833333,0.169811,D_413
41.7845,41.7867,-87.65,-87.648,18,95,0.841305,0.666667,0.283019,D_414
41.7845,41.7867,-87.624,-87.622,12,80,0.865071,0.789474,0.166667,D_415
41.7845,41.7867,-87.622,-87.62,12,90,0.806602,0.5,0.254902,D_416
41.7845,41.7867,-87.616,-87.614,14,90,0.852034,0.714286,0.217391,D_417
41.7845,41.7867,-87.614,-87.612,4,100,0.736625,0.357143,0.333333,D_418
41.7845,41.7867,-87.608,-87.606,4,80,0.847228,0.529412,0.257576,D_419
41.7012,41.7035,-87.564,-87.562,6,100,0.806418,0.535714,0.22449,D_42
41.7867,41.789,-87.742,-87.74,20,85,0.855712,0.703704,0.234043,D_420
41.7867,41.789,-87.65,-87.648,4,80,0.788182,0.473684,0.305085,D_421
41.7867,41.789,-87.646,-87.644,4,80,0.904643,0.869565,0.148148,D_422
41.7867,41.789,-87.626,-87.624,6,80,0.863996,0.777778,0.180723,D_423
41.7867,41.789,-87.624,-87.622,12,80,0.903991,0.848485,0.153846,D_424
41.789,41.7912,-87.69,-87.688,20,85,0.828974,0.636364,0.230769,D_425
41.789,41.7912,-87.672,-87.67,16,85,0.808666,0.631579,0.296875,D_426
41.789,41.7912,-87.664,-87.662,8,80,0.89505,0.826087,0.145455,D_427
41.789,41.7912,-87.654,-87.652,4,85,0.861148,0.736842,0.241935,D_428
41.789,41.7912,-87.638,-87.636,10,80,0.94623,1,0.0721649,D_429
41.7035,41.7057,-87.624,-87.622,4,95,0.781421,0.545455,0.388889,D_43
41.789,41.7912,-87.624,-87.622,6,80,0.800456,0.62963,0.428571,D_430
41.789,41.7912,-87.622,-87.62,14,100,0.860992,0.785714,0.185714,D_431
41.789,41.7912,-87.618,-87.616,20,80,0.880962,0.869565,0.0877193,D_432
41.7912,41.7935,-87.676,-87.674,10,100,0.844165,0.666667,0.257576,D_433
41.7912,41.7935,-87.672,-87.67,6,85,0.862694,0.76,0.181818,D_434
41.7912,41.7935,-87.67,-87.668,16,90,0.796231,0.545455,0.233766,D_435
41.7912,41.7935,-87.666,-87.664,20,80,0.798079,0.461538,0.294118,D_436
41.7912,41.7935,-87.664,-87.662,6,95,0.917211,0.933333,0.137255,D_437
41.7912,41.7935,-87.662,-87.66,10,100,0.937464,0.954545,0.127273,D_438
41.7912,41.7935,-87.66,-87.658,8,80,0.84717,0.727273,0.219512,D_439
41.7035,41.7057,-87.602,-87.6,12,90,0.838994,0.714286,0.234375,D_44
41.7912,41.7935,-87.658,-87.656,20,80,0.811614,0.538462,0.266667,D_440
41.7912,41.7935,-87.654,-87.652,12,80,0.813104,0.666667,0.283333,D_441
41.7912,41.7935,-87.648,-87.646,8,90,0.876205,0.823529,0.190476,D_442
41.7912,41.7935,-87.644,-87.642,10,95,0.888739,0.772727,0.12069,D_443
41.7912,41.7935,-87.626,-87.624,12,100,0.829959,0.615385,0.282609,D_444
41.7935,41.7957,-87.676,-87.674,20,90,0.889282,0.807692,0.12963,D_445
41.7935,41.7957,-87.674,-87.672,14,95,0.837944,0.772727,0.163934,D_446
41.7935,41.7957,-87.666,-87.664,14,80,0.853088,0.722222,0.213115,D_447
41.7935,41.7957,-87.664,-87.662,10,100,0.851108,0.71875,0.204545,D_448
41.7935,41.7957,-87.662,-87.66,4,100,0.876849,0.884615,0.166667,D_449
41.7057,41.708,-87.654,-87.652,10,95,0.913534,0.941176,0.157143,D_45
41.7935,41.7957,-87.646,-87.644,4,95,0.803925,0.607143,0.276596,D_450
41.7935,41.7957,-87.644,-87.642,14,80,0.868346,0.777778,0.156863,D_451
41.7935,41.7957,-87.634,-87.632,20,90,0.828068,0.5625,0.215385,D_452
41.7935,41.7957,-87.632,-87.63,20,80,0.890333,0.884615,0.173077,D_453
41.7935,41.7957,-87.626,-87.624,20,80,0.862738,0.722222,0.2,D_454
41.7935,41.7957,-87.622,-87.62,4,80,0.838441,0.576923,0.276596,D_455
41.7935,41.7957,-87.62,-87.618,4,85,0.82822,0.689655,0.295455,D_456
41.7935,41.7957,-87.59,-87.588,4,100,0.881153,0.888889,0.16129,D_457
41.7957,41.798,-87.724,-87.722,6,95,0.882383,0.730769,0.211538,D_458
41.7957,41.798,-87.666,-87.664,4,85,0.858928,0.785714,0.149254,D_459
41.7057,41.708,-87.644,-87.642,16,95,0.871875,0.666667,0.237288,D_46
41.7957,41.798,-87.664,-87.662,16,80,0.823566,0.714286,0.274194,D_460
41.7957,41.798,-87.632,-87.63,14,90,0.837451,0.758621,0.195652,D_461
41.7957,41.798,-87.618,-87.616,20,100,0.839412,0.5625,0.238095,D_462
41.798,41.8002,-87.724,-87.722,12,85,0.860285,0.678571,0.230769,D_463
41.798,41.8002,-87.676,-87.674,4,85,0.825195,0.68,0.210526,D_464
41.798,41.8002,-87.666,-87.664,16,95,0.901874,0.869565,0.109091,D_465
41.798,41.8002,-87.618,-87.616,10,95,0.801699,0.611111,0.328125,D_466
41.798,41.8002,-87.59,-87.588,14,100,0.903459,0.9375,0.188406,D_467
41.798,41.8002,-87.586,-87.584,20,100,0.834707,0.611111,0.209677,D_468
41.8002,41.8025,-87.724,-87.722,12,95,0.826659,0.625,0.28,D_469
41.7057,41.708,-87.63,-87.628,16,95,0.826256,0.6875,0.25641,D_47
41.8002,41.8025,-87.704,-87.702,6,85,0.858984,0.772727,0.192982,D_470
41.8002,41.8025,-87.674,-87.672,10,90,0.766251,0.384615,0.347222,D_471
41.8002,41.8025,-87.67,-87.668,14,100,0.824379,0.681818,0.245614,D_472
41.8002,41.8025,-87.668,-87.666,6,100,0.81751,0.555556,0.323077,D_473
41.8002,41.8025,-87.666,-87.664,6,100,0.838782,0.769231,0.173913,D_474
41.8002,41.8025,-87.664,-87.662,12,90,0.869456,0.8,0.153846,D_475
41.8002,41.8025,-87.66,-87.658,18,90,0.824177,0.444444,0.225,D_476
41.8002,41.8025,-87.656,-87.654,8,95,1,1,0,D_477
41.8002,41.8025,-87.646,-87.644,4,95,0.868752,0.8,0.186667,D_478
41.8002,41.8025,-87.632,-87.63,6,90,0.857888,0.789474,0.131148,D_479
41.7057,41.708,-87.622,-87.62,6,90,0.809067,0.580645,0.314286,D_48
41.8002,41.8025,-87.624,-87.622,8,80,0.869184,0.818182,0.176471,D_480
41.8002,41.8025,-87.622,-87.62,4,100,0.845255,0.708333,0.351852,D_481
41.8002,41.8025,-87.62,-87.618,8,100,0.875102,0.863636,0.155172,D_482
41.8002,41.8025,-87.618,-87.616,14,100,0.801951,0.653846,0.238095,D_483
41.8002,41.8025,-87.614,-87.612,4,80,0.841358,0.8,0.180556,D_484
41.8002,41.8025,-87.592,-87.59,10,90,0.845599,0.73913,0.222222,D_485
41.8002,41.8025,-87.59,-87.588,4,80,0.898706,0.818182,0.116883,D_486
41.8025,41.8047,-87.722,-87.72,14,100,0.80032,0.666667,0.227273,D_487
41.8025,41.8047,-87.664,-87.662,4,80,0.901495,0.84,0.0980392,D_488
41.8025,41.8047,-87.62,-87.618,14,100,0.857412,0.642857,0.222222,D_489
41.7057,41.708,-87.602,-87.6,20,90,0.753248,0.5,0.338028,D_49
41.8025,41.8047,-87.608,-87.606,4,80,0.830324,0.714286,0.3,D_490
41.8025,41.8047,-87.592,-87.59,12,80,0.800115,0.75,0.229508,D_491
41.8047,41.807,-87.674,-87.672,8,80,0.826364,0.5,0.223881,D_492
41.8047,41.807,-87.67,-87.668,6,80,0.8031,0.590909,0.301887,D_493
41.8047,41.807,-87.666,-87.664,16,85,0.879639,0.777778,0.179104,D_494
41.8047,41.807,-87.62,-87.618,8,80,0.819157,0.631579,0.293103,D_495
41.807,41.8092,-87.686,-87.684,18,80,0.850873,0.75,0.2,D_496
41.807,41.8092,-87.666,-87.664,14,85,0.834173,0.772727,0.160714,D_497
41.807,41.8092,-87.662,-87.66,10,90,0.808722,0.607143,0.229167,D_498
41.807,41.8092,-87.644,-87.642,16,80,0.855948,0.8,0.173913,D_499
41.6562,41.6585,-87.598,-87.596,4,90,0.744636,0.6,0.485294,D_5
41.717,41.7192,-87.622,-87.62,6,100,0.897808,0.842105,0.0985915,D_50
41.807,41.8092,-87.624,-87.622,14,85,0.890757,0.833333,0.126761,D_500
41.807,41.8092,-87.62,-87.618,18,90,0.896518,0.888889,0.140625,D_501
41.807,41.8092,-87.618,-87.616,14,95,0.858322,0.75,0.238095,D_502
41.807,41.8092,-87.614,-87.612,4,100,0.843891,0.681818,0.311475,D_503
41.807,41.8092,-87.606,-87.604,8,85,0.888299,0.777778,0.101695,D_504
41.8092,41.8115,-87.676,-87.674,4,85,0.806224,0.6,0.263158,D_505
41.8092,41.8115,-87.646,-87.644,6,85,0.82998,0.875,0.188406,D_506
41.8092,41.8115,-87.62,-87.618,16,80,0.865091,0.852941,0.138889,D_507
41.8092,41.8115,-87.614,-87.612,10,85,0.848538,0.757576,0.195122,D_508
41.8092,41.8115,-87.608,-87.606,10,100,0.853957,0.766667,0.186047,D_509
41.7215,41.7237,-87.664,-87.662,20,100,0.863045,0.75,0.211268,D_51
41.8092,41.8115,-87.604,-87.602,6,80,0.821004,0.625,0.242424,D_510
41.8092,41.8115,-87.602,-87.6,20,85,0.822169,0.6,0.265823,D_511
41.8092,41.8115,-87.596,-87.594,8,95,0.875496,0.846154,0.183099,D_512
41.8115,41.8137,-87.67,-87.668,16,100,0.844152,0.769231,0.186667,D_513
41.8115,41.8137,-87.606,-87.604,6,90,0.965785,1,0.0958904,D_514
41.8137,41.816,-87.62,-87.618,20,90,0.896682,0.818182,0.185185,D_516
41.8137,41.816,-87.606,-87.604,4,85,0.850454,0.666667,0.229508,D_517
41.816,41.8182,-87.634,-87.632,10,95,0.843227,0.684211,0.215385,D_518
41.816,41.8182,-87.624,-87.622,20,80,0.80897,0.65,0.333333,D_519
41.7215,41.7237,-87.628,-87.626,4,100,0.843638,0.625,0.238806,D_52
41.816,41.8182,-87.62,-87.618,6,85,0.857773,0.75,0.254902,D_520
41.816,41.8182,-87.608,-87.606,8,85,0.909353,0.954545,0.122807,D_521
41.8182,41.8205,-87.696,-87.694,20,95,0.809431,0.555556,0.309524,D_522
41.8205,41.8227,-87.62,-87.618,10,95,0.807237,0.545455,0.351351,D_523
41.8227,41.825,-87.634,-87.632,4,90,0.824973,0.757576,0.194444,D_524
41.8227,41.825,-87.624,-87.622,12,80,0.798774,0.466667,0.265625,D_525
41.8227,41.825,-87.62,-87.618,18,80,0.809456,0.655172,0.25,D_526
41.8227,41.825,-87.618,-87.616,8,100,0.8287,0.625,0.283582,D_527
41.825,41.8272,-87.634,-87.632,20,80,0.861021,0.678571,0.229167,D_528
41.7215,41.7237,-87.626,-87.624,4,80,0.767249,0.538462,0.348837,D_53
41.8272,41.8295,-87.628,-87.626,10,100,0.972216,0.9,0.0493827,D_530
41.8272,41.8295,-87.616,-87.614,10,80,0.845313,0.64,0.288462,D_531
41.8295,41.8317,-87.632,-87.63,18,80,0.901319,0.818182,0.153846,D_532
41.8295,41.8317,-87.628,-87.626,8,85,0.830361,0.645161,0.238095,D_533
41.8295,41.8317,-87.622,-87.62,12,85,0.893805,0.736842,0.222222,D_534
41.8295,41.8317,-87.62,-87.618,18,100,0.805474,0.62069,0.232558,D_535
41.8295,41.8317,-87.618,-87.616,4,90,0.816512,0.7,0.254237,D_536
41.8295,41.8317,-87.616,-87.614,10,90,0.815873,0.575,0.222222,D_537
41.8295,41.8317,-87.614,-87.612,4,85,0.90382,1,0.137931,D_538
41.8295,41.8317,-87.612,-87.61,14,100,0.87298,0.882353,0.125,D_539
41.7215,41.7237,-87.624,-87.622,18,100,0.847259,0.7,0.229508,D_54
41.8317,41.834,-87.618,-87.616,10,85,0.766735,0.5,0.327586,D_540
41.8362,41.8385,-87.666,-87.664,12,80,0.937409,0.892857,0.102041,D_541
41.8362,41.8385,-87.648,-87.646,8,95,0.748756,0.4,0.476923,D_542
41.8385,41.8407,-87.628,-87.626,20,80,0.839364,0.75,0.202703,D_543
41.8385,41.8407,-87.618,-87.616,6,95,0.622869,0.133333,0.438356,D_544
41.8407,41.843,-87.63,-87.628,14,80,0.729036,0.285714,0.426667,D_545
41.8407,41.843,-87.628,-87.626,4,95,0.812326,0.736842,0.225806,D_546
41.843,41.8452,-87.726,-87.724,14,90,0.863163,0.740741,0.212766,D_547
41.843,41.8452,-87.696,-87.694,10,80,0.915347,0.882353,0.09375,D_548
41.843,41.8452,-87.63,-87.628,4,85,0.825248,0.636364,0.245283,D_549
41.7215,41.7237,-87.576,-87.574,4,80,0.883838,0.785714,0.183099,D_55
41.843,41.8452,-87.628,-87.626,8,95,0.741344,0.384615,0.328571,D_550
41.843,41.8452,-87.624,-87.622,8,100,0.871896,0.8125,0.19403,D_551
41.8452,41.8475,-87.714,-87.712,6,95,0.851897,0.714286,0.232143,D_552
41.8452,41.8475,-87.708,-87.706,20,100,0.84454,0.75,0.259259,D_553
41.8475,41.8497,-87.712,-87.71,12,95,0.848755,0.769231,0.191781,D_554
41.8475,41.8497,-87.71,-87.708,18,80,0.861044,0.764706,0.194444,D_555
41.8475,41.8497,-87.702,-87.7,6,95,0.805182,0.55,0.254545,D_556
41.8497,41.852,-87.734,-87.732,18,95,0.810494,0.666667,0.241935,D_558
41.8497,41.852,-87.724,-87.722,6,100,0.854771,0.818182,0.128205,D_559
41.7282,41.7305,-87.552,-87.55,20,85,0.894673,0.78125,0.181818,D_56
41.8497,41.852,-87.706,-87.704,10,100,0.8822,0.736842,0.2,D_560
41.8497,41.852,-87.702,-87.7,4,90,0.847756,0.705882,0.261538,D_561
41.8497,41.852,-87.698,-87.696,10,95,0.879583,0.909091,0.150685,D_562
41.8497,41.852,-87.696,-87.694,4,100,0.843769,0.647059,0.238806,D_563
41.8497,41.852,-87.692,-87.69,4,85,0.85321,0.75,0.264151,D_564
41.8497,41.852,-87.686,-87.684,20,100,0.909081,0.913043,0.101695,D_565
41.8497,41.852,-87.628,-87.626,20,80,0.970547,1,0.0425532,D_566
41.852,41.8542,-87.726,-87.724,10,100,0.854119,0.678571,0.238095,D_567
41.852,41.8542,-87.696,-87.694,12,100,0.858931,0.857143,0.185185,D_568
41.852,41.8542,-87.68,-87.678,6,80,0.962433,1,0.0727273,D_569
41.7327,41.735,-87.558,-87.556,14,90,0.719635,0.25,0.4,D_57
41.852,41.8542,-87.676,-87.674,4,100,0.851572,0.666667,0.245614,D_570
41.852,41.8542,-87.636,-87.634,4,85,0.8054,0.538462,0.306122,D_571
41.852,41.8542,-87.634,-87.632,20,95,0.902874,0.896552,0.145833,D_572
41.852,41.8542,-87.632,-87.63,20,80,0.793963,0.6,0.272727,D_573
41.852,41.8542,-87.628,-87.626,6,95,0.827697,0.818182,0.153846,D_574
41.852,41.8542,-87.626,-87.624,6,80,0.847216,0.75,0.257576,D_575
41.852,41.8542,-87.624,-87.622,8,80,0.849171,0.857143,0.173077,D_576
41.8542,41.8565,-87.734,-87.732,6,85,0.94684,0.941176,0.0675676,D_577
41.8542,41.8565,-87.728,-87.726,6,80,0.878843,0.705882,0.265625,D_578
41.8542,41.8565,-87.726,-87.724,4,100,0.967347,0.954545,0.0350877,D_579
41.7327,41.735,-87.556,-87.554,14,95,0.797463,0.6,0.326531,D_58
41.8542,41.8565,-87.724,-87.722,8,85,0.88656,0.793103,0.1875,D_580
41.8542,41.8565,-87.718,-87.716,20,80,0.855862,0.75,0.206349,D_581
41.8542,41.8565,-87.714,-87.712,6,85,0.874884,0.787879,0.142857,D_582
41.8542,41.8565,-87.712,-87.71,10,100,0.863465,0.828571,0.128205,D_583
41.8542,41.8565,-87.708,-87.706,4,80,0.87923,0.785714,0.184615,D_584
41.8542,41.8565,-87.706,-87.704,4,80,0.892791,0.833333,0.09375,D_585
41.8542,41.8565,-87.628,-87.626,14,90,0.805923,0.571429,0.258824,D_586
41.8542,41.8565,-87.624,-87.622,6,95,0.769055,0.52381,0.362069,D_587
41.8565,41.8587,-87.722,-87.72,8,100,0.792864,0.681818,0.314815,D_588
41.8565,41.8587,-87.714,-87.712,14,90,0.966399,1,0.047619,D_589
41.7327,41.735,-87.554,-87.552,20,90,0.897792,0.827586,0.142857,D_59
41.8565,41.8587,-87.712,-87.71,18,90,0.863624,0.724138,0.2,D_590
41.8565,41.8587,-87.67,-87.668,8,85,0.83115,0.6,0.254237,D_591
41.8565,41.8587,-87.668,-87.666,14,85,0.923523,0.904762,0.0508475,D_592
41.8565,41.8587,-87.662,-87.66,18,95,0.817671,0.52381,0.305085,D_593
41.8565,41.8587,-87.624,-87.622,12,95,0.907871,0.909091,0.103896,D_594
41.8587,41.861,-87.734,-87.732,18,95,0.781371,0.5,0.34375,D_595
41.8587,41.861,-87.728,-87.726,14,95,0.84925,0.666667,0.25,D_596
41.8587,41.861,-87.726,-87.724,20,80,0.822904,0.727273,0.25,D_597
41.8587,41.861,-87.72,-87.718,10,90,0.883427,0.85,0.177419,D_598
41.8587,41.861,-87.718,-87.716,12,90,0.780983,0.478261,0.25,D_599
41.6697,41.672,-87.642,-87.64,4,85,0.863407,0.68,0.211538,D_6
41.7327,41.735,-87.552,-87.55,4,95,0.795832,0.655172,0.340426,D_60
41.8587,41.861,-87.716,-87.714,14,100,0.790336,0.62069,0.304348,D_600
41.8587,41.861,-87.712,-87.71,4,100,0.897413,0.913043,0.163636,D_601
41.8587,41.861,-87.71,-87.708,8,95,0.853302,0.666667,0.232143,D_602
41.8587,41.861,-87.708,-87.706,8,100,0.808713,0.590909,0.290909,D_603
41.8587,41.861,-87.706,-87.704,20,80,0.826763,0.75,0.271186,D_604
41.8587,41.861,-87.696,-87.694,10,100,0.869131,0.909091,0.162162,D_605
41.861,41.8632,-87.722,-87.72,16,90,0.876839,0.857143,0.145161,D_606
41.861,41.8632,-87.718,-87.716,6,80,0.819032,0.590909,0.267857,D_607
41.861,41.8632,-87.716,-87.714,16,85,0.77824,0.52381,0.25,D_608
41.861,41.8632,-87.714,-87.712,14,85,0.893176,0.833333,0.135593,D_609
41.7327,41.735,-87.546,-87.544,12,95,0.799485,0.56,0.314815,D_61
41.861,41.8632,-87.712,-87.71,4,85,0.821165,0.641026,0.25,D_610
41.861,41.8632,-87.71,-87.708,20,100,0.969831,0.935484,0,D_611
41.861,41.8632,-87.708,-87.706,16,80,0.897453,0.866667,0.0731707,D_612
41.861,41.8632,-87.706,-87.704,10,100,0.851536,0.666667,0.245902,D_613
41.861,41.8632,-87.694,-87.692,6,100,0.899635,0.888889,0.166667,D_614
41.861,41.8632,-87.66,-87.658,6,100,0.893127,0.833333,0.185714,D_615
41.8632,41.8655,-87.734,-87.732,16,100,0.839668,0.72,0.235294,D_616
41.8632,41.8655,-87.732,-87.73,12,85,0.844268,0.666667,0.206897,D_617
41.8632,41.8655,-87.728,-87.726,6,100,0.906501,0.846154,0.111111,D_618
41.8632,41.8655,-87.724,-87.722,18,90,0.751976,0.4,0.333333,D_619
41.735,41.7372,-87.664,-87.662,16,90,0.886398,0.857143,0.166667,D_62
41.8632,41.8655,-87.722,-87.72,4,80,0.856176,0.846154,0.117647,D_620
41.8632,41.8655,-87.72,-87.718,12,100,0.883264,0.8,0.169492,D_621
41.8632,41.8655,-87.718,-87.716,4,90,0.836374,0.617647,0.225,D_622
41.8632,41.8655,-87.716,-87.714,10,90,0.858314,0.85,0.186441,D_623
41.8632,41.8655,-87.71,-87.708,8,85,0.874027,0.863636,0.145455,D_624
41.8632,41.8655,-87.706,-87.704,10,85,0.876013,0.866667,0.169231,D_625
41.8632,41.8655,-87.696,-87.694,14,80,0.819391,0.6875,0.214286,D_626
41.8632,41.8655,-87.666,-87.664,14,95,0.698068,-1,0.319149,D_627
41.8632,41.8655,-87.66,-87.658,14,80,0.844268,0.772727,0.183333,D_628
41.8632,41.8655,-87.64,-87.638,12,80,0.858268,0.75,0.2,D_629
41.735,41.7372,-87.66,-87.658,12,95,0.900908,0.818182,0.140351,D_63
41.8632,41.8655,-87.626,-87.624,10,80,0.819205,0.666667,0.405797,D_630
41.8655,41.8677,-87.73,-87.728,4,100,0.946402,0.944444,0.107692,D_631
41.8655,41.8677,-87.726,-87.724,8,95,0.840545,0.580645,0.263158,D_632
41.8655,41.8677,-87.724,-87.722,4,80,0.857972,0.794872,0.192308,D_633
41.8655,41.8677,-87.722,-87.72,18,80,0.902909,0.836364,0.133333,D_634
41.8655,41.8677,-87.72,-87.718,16,95,0.891142,0.770833,0.0714286,D_635
41.8655,41.8677,-87.718,-87.716,4,95,0.920874,0.863636,0.140625,D_636
41.8655,41.8677,-87.716,-87.714,20,100,0.831027,0.5625,0.263158,D_637
41.8655,41.8677,-87.712,-87.71,18,90,0.859741,0.631579,0.213115,D_638
41.8655,41.8677,-87.71,-87.708,4,95,0.887861,0.842105,0.160714,D_639
41.735,41.7372,-87.654,-87.652,8,95,0.888397,0.875,0.131579,D_64
41.8655,41.8677,-87.708,-87.706,4,80,0.854429,0.818182,0.142857,D_640
41.8655,41.8677,-87.706,-87.704,6,100,0.806156,0.551724,0.282609,D_641
41.8655,41.8677,-87.704,-87.702,16,95,0.852404,0.727273,0.207547,D_642
41.8655,41.8677,-87.7,-87.698,6,80,0.891716,0.853659,0.125,D_643
41.8655,41.8677,-87.698,-87.696,20,90,0.872807,0.708333,0.20339,D_644
41.8655,41.8677,-87.688,-87.686,20,95,0.814149,0.571429,0.260274,D_645
41.8655,41.8677,-87.682,-87.68,4,100,0.865267,0.733333,0.208955,D_646
41.8655,41.8677,-87.668,-87.666,8,85,0.840402,0.666667,0.22449,D_647
41.8655,41.8677,-87.64,-87.638,6,95,0.863138,0.703704,0.229167,D_648
41.8655,41.8677,-87.628,-87.626,4,95,0.796764,0.511628,0.333333,D_649
41.735,41.7372,-87.65,-87.648,16,85,0.792244,0.619048,0.389831,D_65
41.8655,41.8677,-87.626,-87.624,16,90,0.898272,0.891892,0.125,D_650
41.8677,41.87,-87.71,-87.708,10,80,0.961916,0.941176,0.0232558,D_651
41.8677,41.87,-87.688,-87.686,8,85,0.795935,0.571429,0.314815,D_652
41.8677,41.87,-87.666,-87.664,4,95,0.896696,1,0.144737,D_653
41.8677,41.87,-87.64,-87.638,14,80,0.855969,0.714286,0.25,D_654
41.8677,41.87,-87.628,-87.626,4,100,0.816278,0.625,0.285714,D_655
41.8677,41.87,-87.626,-87.624,20,90,0.756746,0.45,0.389831,D_656
41.87,41.8722,-87.746,-87.744,4,80,0.822617,0.71875,0.235294,D_657
41.87,41.8722,-87.728,-87.726,14,100,0.837958,0.653846,0.208333,D_658
41.87,41.8722,-87.724,-87.722,12,90,0.862733,0.736842,0.215385,D_659
41.735,41.7372,-87.648,-87.646,8,100,0.879002,0.875,0.137255,D_66
41.87,41.8722,-87.722,-87.72,6,80,0.870118,0.733333,0.212121,D_660
41.87,41.8722,-87.72,-87.718,16,80,0.896464,0.935484,0.162162,D_661
41.87,41.8722,-87.718,-87.716,6,100,0.865428,0.78125,0.195122,D_662
41.87,41.8722,-87.706,-87.704,6,80,0.909289,0.948718,0.111111,D_663
41.87,41.8722,-87.702,-87.7,4,100,0.880082,0.928571,0.15942,D_664
41.87,41.8722,-87.7,-87.698,12,80,0.892122,0.857143,0.155172,D_665
41.87,41.8722,-87.698,-87.696,12,100,0.908258,0.809524,0.111111,D_666
41.87,41.8722,-87.696,-87.694,20,90,0.779836,0.590909,0.38,D_667
41.87,41.8722,-87.688,-87.686,20,95,0.87013,0.678571,0.234043,D_668
41.87,41.8722,-87.634,-87.632,14,100,0.82289,0.769231,0.173333,D_669
41.735,41.7372,-87.63,-87.628,20,100,0.914467,0.795918,0.176471,D_67
41.87,41.8722,-87.628,-87.626,8,100,0.853996,0.71875,0.205128,D_670
41.87,41.8722,-87.626,-87.624,14,80,0.813176,0.652174,0.245614,D_671
41.8722,41.8745,-87.766,-87.764,16,80,0.783299,0.571429,0.333333,D_672
41.8722,41.8745,-87.764,-87.762,8,85,0.898937,0.88,0.0925926,D_673
41.8722,41.8745,-87.756,-87.754,18,100,0.863584,0.777778,0.195652,D_674
41.8722,41.8745,-87.746,-87.744,12,95,0.760101,0.5625,0.30303,D_675
41.8722,41.8745,-87.744,-87.742,8,100,0.812629,0.666667,0.232143,D_676
41.8722,41.8745,-87.728,-87.726,18,100,0.889006,0.884615,0.122449,D_677
41.8722,41.8745,-87.726,-87.724,18,95,0.857263,0.823529,0.183099,D_678
41.8722,41.8745,-87.722,-87.72,4,100,0.7627,0.5,0.438356,D_679
41.735,41.7372,-87.628,-87.626,4,80,0.846327,0.733333,0.2,D_68
41.8722,41.8745,-87.72,-87.718,8,85,0.86932,0.647059,0.246154,D_680
41.8722,41.8745,-87.718,-87.716,14,100,0.834089,0.681818,0.245614,D_681
41.8722,41.8745,-87.712,-87.71,18,100,0.854865,0.75,0.2,D_682
41.8722,41.8745,-87.706,-87.704,8,100,0.87489,0.763158,0.173913,D_683
41.8722,41.8745,-87.7,-87.698,20,80,0.828352,0.633333,0.225,D_684
41.8722,41.8745,-87.698,-87.696,10,100,0.792782,0.578947,0.390625,D_685
41.8722,41.8745,-87.696,-87.694,12,100,0.787625,0.526316,0.301587,D_686
41.8722,41.8745,-87.676,-87.674,12,85,0.856941,0.705882,0.253968,D_687
41.8722,41.8745,-87.644,-87.642,4,85,0.830685,0.708333,0.204082,D_688
41.8722,41.8745,-87.63,-87.628,4,80,0.910649,0.875,0.125,D_689
41.735,41.7372,-87.626,-87.624,14,90,0.906859,0.875,0.115385,D_69
41.8722,41.8745,-87.628,-87.626,4,85,0.778436,0.55,0.366667,D_690
41.8722,41.8745,-87.626,-87.624,6,85,0.870591,0.72973,0.205882,D_691
41.8745,41.8767,-87.764,-87.762,12,80,0.904108,0.8,0.113636,D_692
41.8745,41.8767,-87.762,-87.76,10,90,0.858822,0.6875,0.246154,D_693
41.8745,41.8767,-87.756,-87.754,4,85,0.862172,0.69697,0.228571,D_694
41.8745,41.8767,-87.752,-87.75,4,80,0.86088,0.833333,0.14,D_695
41.8745,41.8767,-87.75,-87.748,16,95,0.758709,0.473684,0.410714,D_696
41.8745,41.8767,-87.748,-87.746,8,80,0.845295,0.580645,0.295455,D_697
41.8745,41.8767,-87.746,-87.744,4,80,0.877517,0.659574,0.277778,D_698
41.8745,41.8767,-87.744,-87.742,12,80,0.805173,0.619048,0.295082,D_699
41.672,41.6742,-87.618,-87.616,20,100,0.883304,0.869565,0.181818,D_7
41.735,41.7372,-87.606,-87.604,18,85,0.867164,0.75,0.214286,D_70
41.8745,41.8767,-87.738,-87.736,8,100,0.81222,0.6,0.313433,D_700
41.8745,41.8767,-87.734,-87.732,6,100,0.931683,0.944444,0.114286,D_701
41.8745,41.8767,-87.732,-87.73,16,100,0.757712,0.388889,0.338983,D_702
41.8745,41.8767,-87.728,-87.726,12,80,0.852004,0.75,0.231884,D_703
41.8745,41.8767,-87.726,-87.724,6,90,0.909714,0.862069,0.0222222,D_704
41.8745,41.8767,-87.724,-87.722,14,90,0.803757,0.5,0.258621,D_705
41.8745,41.8767,-87.722,-87.72,12,95,0.87844,0.862069,0.12,D_706
41.8745,41.8767,-87.688,-87.686,6,85,0.771396,0.526316,0.403509,D_707
41.8745,41.8767,-87.632,-87.63,12,100,0.857012,0.692308,0.208955,D_708
41.8745,41.8767,-87.63,-87.628,6,90,0.827811,0.590909,0.240741,D_709
41.735,41.7372,-87.586,-87.584,20,95,0.946463,0.894737,0.0983607,D_71
41.8745,41.8767,-87.628,-87.626,10,90,0.898671,0.925926,0.153846,D_710
41.8745,41.8767,-87.626,-87.624,20,90,0.80536,0.55,0.271186,D_711
41.8767,41.879,-87.764,-87.762,10,90,0.808184,0.652174,0.3,D_712
41.8767,41.879,-87.762,-87.76,20,85,0.844388,0.681818,0.259259,D_713
41.8767,41.879,-87.756,-87.754,4,100,0.890129,0.837209,0.138889,D_714
41.8767,41.879,-87.752,-87.75,16,95,0.843301,0.636364,0.226415,D_715
41.8767,41.879,-87.75,-87.748,14,100,0.818083,0.634146,0.25,D_716
41.8767,41.879,-87.748,-87.746,16,85,0.856677,0.68,0.235294,D_717
41.8767,41.879,-87.746,-87.744,16,100,0.868075,0.791667,0.183673,D_718
41.8767,41.879,-87.744,-87.742,10,80,0.781219,0.428571,0.311475,D_719
41.735,41.7372,-87.574,-87.572,16,90,0.850769,0.631579,0.261538,D_72
41.8767,41.879,-87.74,-87.738,10,80,0.880482,0.807692,0.169811,D_720
41.8767,41.879,-87.738,-87.736,14,90,0.854777,0.8,0.0833333,D_721
41.8767,41.879,-87.736,-87.734,4,95,0.879879,0.72,0.2,D_722
41.8767,41.879,-87.734,-87.732,14,80,0.828889,0.631579,0.262295,D_723
41.8767,41.879,-87.732,-87.73,4,95,0.939827,0.94,0.05,D_724
41.8767,41.879,-87.73,-87.728,8,100,0.897143,0.813953,0.0526316,D_725
41.8767,41.879,-87.728,-87.726,4,90,0.887156,0.839286,0.142857,D_726
41.8767,41.879,-87.726,-87.724,20,100,0.843555,0.804878,0.172414,D_727
41.8767,41.879,-87.724,-87.722,18,95,0.931315,0.888889,0.1,D_728
41.8767,41.879,-87.722,-87.72,4,100,0.821983,0.617647,0.289474,D_729
41.735,41.7372,-87.56,-87.558,8,90,0.849854,0.846154,0.189189,D_73
41.8767,41.879,-87.708,-87.706,20,95,0.870329,0.823529,0.177419,D_730
41.8767,41.879,-87.704,-87.702,10,85,0.800622,0.583333,0.27451,D_731
41.8767,41.879,-87.702,-87.7,20,80,0.900981,0.75,0.220339,D_732
41.8767,41.879,-87.698,-87.696,16,80,0.833601,0.703704,0.2,D_733
41.8767,41.879,-87.696,-87.694,6,95,0.860425,0.8125,0.161765,D_734
41.8767,41.879,-87.69,-87.688,4,100,0.918839,0.9,0.146667,D_735
41.8767,41.879,-87.688,-87.686,18,95,0.92466,0.869565,0.08,D_736
41.8767,41.879,-87.686,-87.684,4,80,0.860398,0.851852,0.16,D_737
41.8767,41.879,-87.684,-87.682,4,90,0.779489,0.454545,0.283951,D_738
41.8767,41.879,-87.68,-87.678,20,80,0.853113,0.758621,0.163265,D_739
41.735,41.7372,-87.556,-87.554,12,80,0.875217,0.73913,0.2,D_74
41.8767,41.879,-87.648,-87.646,4,100,0.879142,0.692308,0.205479,D_740
41.8767,41.879,-87.64,-87.638,6,90,0.761623,0.588235,0.384615,D_741
41.8767,41.879,-87.638,-87.636,4,90,0.834831,0.6,0.267857,D_742
41.8767,41.879,-87.636,-87.634,6,85,0.842203,0.578947,0.22807,D_743
41.8767,41.879,-87.634,-87.632,18,100,0.880972,0.782609,0.134615,D_744
41.8767,41.879,-87.63,-87.628,6,100,0.891356,0.794118,0.125,D_745
41.8767,41.879,-87.628,-87.626,8,95,0.887263,0.782609,0.15,D_746
41.8767,41.879,-87.626,-87.624,6,80,0.799553,0.631579,0.258621,D_747
41.879,41.8812,-87.774,-87.772,18,95,0.746787,0.333333,0.396825,D_748
41.879,41.8812,-87.772,-87.77,4,80,0.798066,0.555556,0.292308,D_749
41.735,41.7372,-87.552,-87.55,20,95,0.836256,0.730769,0.22,D_75
41.879,41.8812,-87.77,-87.768,4,100,0.8593,0.692308,0.288462,D_750
41.879,41.8812,-87.766,-87.764,4,90,0.823458,0.8,0.196078,D_751
41.879,41.8812,-87.764,-87.762,6,80,0.809778,0.6,0.285714,D_752
41.879,41.8812,-87.762,-87.76,8,80,0.899882,0.813953,0.117647,D_753
41.879,41.8812,-87.76,-87.758,10,85,0.904529,0.923077,0.16,D_754
41.879,41.8812,-87.758,-87.756,10,100,0.802706,0.5,0.297872,D_755
41.879,41.8812,-87.756,-87.754,10,100,0.907674,0.878788,0.097561,D_756
41.879,41.8812,-87.754,-87.752,12,85,0.984388,0.947368,0,D_757
41.879,41.8812,-87.752,-87.75,16,100,0.909996,0.820513,0.0714286,D_758
41.879,41.8812,-87.75,-87.748,6,90,0.910771,0.772727,0.111111,D_759
41.735,41.7372,-87.546,-87.544,10,100,0.875449,0.783784,0.151515,D_76
41.879,41.8812,-87.748,-87.746,14,85,0.863528,0.8,0.179104,D_760
41.879,41.8812,-87.746,-87.744,18,85,0.82273,0.695652,0.207547,D_761
41.879,41.8812,-87.742,-87.74,6,85,0.800457,0.652174,0.339623,D_762
41.879,41.8812,-87.74,-87.738,8,95,0.856409,0.583333,0.236842,D_763
41.879,41.8812,-87.738,-87.736,10,100,0.912938,0.933333,0.08,D_764
41.879,41.8812,-87.734,-87.732,14,80,0.89019,0.8125,0.179104,D_765
41.879,41.8812,-87.732,-87.73,8,80,0.851205,0.795918,0.1875,D_766
41.879,41.8812,-87.73,-87.728,14,100,0.855374,0.69697,0.228571,D_767
41.879,41.8812,-87.728,-87.726,4,95,0.908323,0.862069,0.0909091,D_768
41.879,41.8812,-87.726,-87.724,6,100,0.832736,0.575758,0.25,D_769
41.7372,41.7395,-87.606,-87.604,20,90,0.872617,0.723404,0.230769,D_77
41.879,41.8812,-87.724,-87.722,8,85,0.868671,0.829268,0.0909091,D_770
41.879,41.8812,-87.722,-87.72,8,100,0.770484,0.652174,0.294118,D_771
41.879,41.8812,-87.712,-87.71,6,80,0.850591,0.72,0.288462,D_772
41.879,41.8812,-87.71,-87.708,12,85,0.849177,0.7,0.240741,D_773
41.879,41.8812,-87.708,-87.706,14,95,0.848775,0.76,0.196078,D_774
41.879,41.8812,-87.706,-87.704,18,90,0.877205,0.764706,0.151515,D_775
41.879,41.8812,-87.704,-87.702,16,85,0.846327,0.62963,0.234043,D_776
41.879,41.8812,-87.702,-87.7,8,100,0.89177,0.851852,0.142857,D_777
41.879,41.8812,-87.7,-87.698,16,100,0.892596,0.761905,0.163934,D_778
41.879,41.8812,-87.698,-87.696,16,80,0.825539,0.571429,0.266667,D_779
41.7417,41.744,-87.606,-87.604,6,100,0.808206,0.62963,0.306122,D_78
41.879,41.8812,-87.696,-87.694,16,100,0.845257,0.705882,0.246154,D_780
41.879,41.8812,-87.694,-87.692,6,100,0.804917,0.583333,0.320755,D_781
41.879,41.8812,-87.69,-87.688,6,95,0.859644,0.833333,0.142857,D_782
41.879,41.8812,-87.688,-87.686,4,90,0.840445,0.666667,0.2125,D_783
41.879,41.8812,-87.686,-87.684,12,80,0.794611,0.444444,0.303797,D_784
41.879,41.8812,-87.684,-87.682,20,80,0.89486,0.8,0.128205,D_785
41.879,41.8812,-87.642,-87.64,12,80,0.922206,0.916667,0.127273,D_786
41.879,41.8812,-87.636,-87.634,8,90,0.850662,0.647059,0.287879,D_787
41.879,41.8812,-87.634,-87.632,20,90,0.849369,0.727273,0.207547,D_788
41.879,41.8812,-87.632,-87.63,4,80,0.767231,0.428571,0.258621,D_789
41.7417,41.744,-87.602,-87.6,20,80,0.786847,0.647059,0.35,D_79
41.879,41.8812,-87.63,-87.628,20,85,0.87024,0.78125,0.0930233,D_790
41.879,41.8812,-87.628,-87.626,12,100,0.905335,0.821429,0.0909091,D_791
41.879,41.8812,-87.626,-87.624,12,80,0.929574,0.916667,0.0810811,D_792
41.8812,41.8835,-87.77,-87.768,20,95,0.852432,0.695652,0.204082,D_793
41.8812,41.8835,-87.768,-87.766,16,85,0.869223,0.869565,0.173077,D_794
41.8812,41.8835,-87.766,-87.764,8,85,0.826717,0.565217,0.291667,D_795
41.8812,41.8835,-87.764,-87.762,18,100,0.868619,0.826087,0.152542,D_796
41.8812,41.8835,-87.762,-87.76,18,90,0.885794,0.814815,0.136364,D_797
41.8812,41.8835,-87.758,-87.756,20,80,0.814997,0.642857,0.319149,D_798
41.8812,41.8835,-87.756,-87.754,4,80,0.835321,0.71875,0.243243,D_799
41.6765,41.6787,-87.642,-87.64,6,85,0.807966,0.5,0.333333,D_8
41.7417,41.744,-87.562,-87.56,20,80,0.85986,0.75,0.2,D_80
41.8812,41.8835,-87.754,-87.752,8,95,0.932497,0.793103,0.155556,D_800
41.8812,41.8835,-87.752,-87.75,6,90,0.798306,0.482759,0.272727,D_801
41.8812,41.8835,-87.75,-87.748,8,100,0.84309,0.777778,0.183673,D_802
41.8812,41.8835,-87.748,-87.746,16,100,0.902758,0.84,0.109091,D_803
41.8812,41.8835,-87.74,-87.738,18,85,0.857086,0.666667,0.25641,D_804
41.8812,41.8835,-87.738,-87.736,4,85,0.812879,0.555556,0.322581,D_805
41.8812,41.8835,-87.732,-87.73,12,80,0.833002,0.666667,0.307692,D_806
41.8812,41.8835,-87.73,-87.728,4,80,0.936287,0.964286,0.0638298,D_807
41.8812,41.8835,-87.722,-87.72,14,90,0.883679,0.833333,0.140625,D_808
41.8812,41.8835,-87.708,-87.706,14,95,0.872534,0.818182,0.181818,D_809
41.7417,41.744,-87.554,-87.552,6,90,0.861658,0.764706,0.19697,D_81
41.8812,41.8835,-87.706,-87.704,18,100,0.80783,0.666667,0.276316,D_810
41.8812,41.8835,-87.7,-87.698,18,100,0.914076,0.826087,0.172414,D_811
41.8812,41.8835,-87.698,-87.696,4,85,0.896308,0.823529,0.078125,D_812
41.8812,41.8835,-87.688,-87.686,12,80,0.860765,0.782609,0.1875,D_813
41.8812,41.8835,-87.686,-87.684,16,90,0.864391,0.714286,0.267606,D_814
41.8812,41.8835,-87.684,-87.682,16,80,0.884009,0.769231,0.191781,D_815
41.8812,41.8835,-87.676,-87.674,4,85,0.869864,0.764706,0.142857,D_816
41.8812,41.8835,-87.648,-87.646,4,100,0.834737,0.666667,0.267857,D_817
41.8812,41.8835,-87.642,-87.64,18,85,0.87282,0.794118,0.195122,D_818
41.8812,41.8835,-87.636,-87.634,12,100,0.81344,0.47619,0.25,D_819
41.744,41.7462,-87.666,-87.664,10,100,0.844071,0.76,0.150943,D_82
41.8812,41.8835,-87.634,-87.632,14,95,0.897214,0.875,0.145833,D_820
41.8812,41.8835,-87.632,-87.63,6,100,0.849781,0.619048,0.20339,D_821
41.8812,41.8835,-87.63,-87.628,16,90,0.842331,0.813953,0.148148,D_822
41.8812,41.8835,-87.628,-87.626,14,85,0.917384,0.740741,0.25,D_823
41.8812,41.8835,-87.626,-87.624,18,100,0.830282,0.622222,0.227273,D_824
41.8835,41.8857,-87.766,-87.764,6,80,0.844967,0.772727,0.188679,D_825
41.8835,41.8857,-87.764,-87.762,14,95,0.826128,0.590909,0.338983,D_826
41.8835,41.8857,-87.758,-87.756,16,80,0.903383,0.833333,0.138889,D_827
41.8835,41.8857,-87.756,-87.754,8,100,0.840573,0.714286,0.217391,D_828
41.8835,41.8857,-87.754,-87.752,8,80,0.850333,0.75,0.25,D_829
41.744,41.7462,-87.664,-87.662,8,80,0.838005,0.615385,0.282609,D_83
41.8835,41.8857,-87.752,-87.75,12,95,0.856743,0.769231,0.196078,D_830
41.8835,41.8857,-87.75,-87.748,4,90,0.790956,0.625,0.244898,D_831
41.8835,41.8857,-87.748,-87.746,10,95,0.818202,0.764706,0.181818,D_832
41.8835,41.8857,-87.746,-87.744,10,95,0.86348,0.875,0.184615,D_833
41.8835,41.8857,-87.74,-87.738,6,90,0.835657,0.607143,0.244444,D_834
41.8835,41.8857,-87.736,-87.734,8,85,0.838138,0.708333,0.285714,D_835
41.8835,41.8857,-87.73,-87.728,14,80,0.858288,0.72973,0.222222,D_836
41.8835,41.8857,-87.728,-87.726,20,95,0.914306,0.883721,0.148148,D_837
41.8835,41.8857,-87.718,-87.716,16,80,0.750733,0.416667,0.421053,D_838
41.8835,41.8857,-87.712,-87.71,8,85,0.818771,0.571429,0.23913,D_839
41.744,41.7462,-87.66,-87.658,10,95,0.773837,0.565217,0.362069,D_84
41.8835,41.8857,-87.71,-87.708,14,85,0.811835,0.653846,0.333333,D_840
41.8835,41.8857,-87.708,-87.706,4,90,0.891393,0.75,0.208333,D_841
41.8835,41.8857,-87.636,-87.634,4,100,0.873031,0.806452,0.166667,D_842
41.8835,41.8857,-87.634,-87.632,6,85,0.903678,0.84,0.145455,D_843
41.8835,41.8857,-87.632,-87.63,6,95,0.825256,0.652174,0.26087,D_844
41.8835,41.8857,-87.63,-87.628,10,85,0.860671,0.7,0.236364,D_845
41.8835,41.8857,-87.626,-87.624,14,90,0.776768,0.645161,0.285714,D_847
41.8835,41.8857,-87.624,-87.622,6,95,0.755018,0.411765,0.34375,D_848
41.8857,41.888,-87.766,-87.764,16,100,0.842085,0.790698,0.166667,D_849
41.744,41.7462,-87.654,-87.652,10,95,0.846564,0.678571,0.28,D_85
41.8857,41.888,-87.764,-87.762,10,80,0.881308,0.793103,0.186047,D_850
41.8857,41.888,-87.758,-87.756,12,90,0.910708,0.896552,0.14,D_851
41.8857,41.888,-87.756,-87.754,20,100,0.787076,0.52,0.297872,D_852
41.8857,41.888,-87.708,-87.706,18,95,0.833022,0.666667,0.267857,D_853
41.8857,41.888,-87.634,-87.632,20,85,0.821472,0.541667,0.298246,D_854
41.8857,41.888,-87.63,-87.628,8,95,1,1,0,D_855
41.8857,41.888,-87.628,-87.626,20,80,0.875074,0.804878,0.12,D_856
41.8857,41.888,-87.626,-87.624,4,80,0.923764,0.9,0.0526316,D_857
41.8857,41.888,-87.622,-87.62,6,95,0.857324,0.8,0.185185,D_858
41.888,41.8902,-87.766,-87.764,20,85,0.883124,0.793103,0.155556,D_859
41.744,41.7462,-87.644,-87.642,6,85,0.799032,0.666667,0.31746,D_86
41.888,41.8902,-87.758,-87.756,16,90,0.85072,0.730769,0.211538,D_860
41.888,41.8902,-87.756,-87.754,12,100,0.882001,0.833333,0.146341,D_861
41.888,41.8902,-87.752,-87.75,4,95,0.871681,0.9,0.155556,D_862
41.888,41.8902,-87.75,-87.748,8,80,0.747122,0.423077,0.363636,D_863
41.888,41.8902,-87.724,-87.722,8,90,0.799703,0.714286,0.259259,D_864
41.888,41.8902,-87.638,-87.636,20,80,0.798915,0.65,0.241379,D_865
41.888,41.8902,-87.634,-87.632,12,100,0.903992,0.92,0.115385,D_866
41.888,41.8902,-87.632,-87.63,4,85,0.865949,0.796296,0.111111,D_867
41.888,41.8902,-87.63,-87.628,8,95,0.87488,0.705882,0.264706,D_868
41.888,41.8902,-87.628,-87.626,12,100,0.883515,0.8,0.148148,D_869
41.744,41.7462,-87.606,-87.604,10,80,0.819582,0.666667,0.27907,D_87
41.888,41.8902,-87.624,-87.622,20,100,0.826464,0.764706,0.190476,D_870
41.888,41.8902,-87.622,-87.62,6,100,0.840666,0.642857,0.217391,D_871
41.8902,41.8925,-87.768,-87.766,16,95,0.8799,0.85,0.133333,D_872
41.8902,41.8925,-87.764,-87.762,6,85,0.807325,0.652174,0.285714,D_873
41.8902,41.8925,-87.758,-87.756,16,80,0.799747,0.642857,0.217391,D_874
41.8902,41.8925,-87.756,-87.754,20,95,0.912939,0.878788,0.0909091,D_875
41.8902,41.8925,-87.752,-87.75,10,95,0.883597,0.818182,0.160714,D_876
41.8902,41.8925,-87.75,-87.748,20,80,0.879471,0.814815,0.1875,D_877
41.8902,41.8925,-87.746,-87.744,18,95,0.789603,0.666667,0.288462,D_878
41.8902,41.8925,-87.724,-87.722,20,80,0.795401,0.666667,0.304348,D_879
41.744,41.7462,-87.604,-87.602,20,100,0.848167,0.775,0.1875,D_88
41.8902,41.8925,-87.72,-87.718,6,100,0.905992,0.851852,0.0851064,D_880
41.8902,41.8925,-87.718,-87.716,4,100,0.813607,0.590909,0.269231,D_881
41.8902,41.8925,-87.714,-87.712,14,80,0.869845,0.8,0.153846,D_882
41.8902,41.8925,-87.712,-87.71,12,100,0.805992,0.617647,0.225,D_883
41.8902,41.8925,-87.648,-87.646,4,95,0.855285,0.636364,0.27451,D_884
41.8902,41.8925,-87.636,-87.634,20,85,0.849682,0.733333,0.227273,D_885
41.8902,41.8925,-87.634,-87.632,16,90,0.77042,0.521739,0.294118,D_886
41.8902,41.8925,-87.632,-87.63,20,90,0.814188,0.571429,0.236111,D_887
41.8902,41.8925,-87.63,-87.628,4,100,0.914927,0.894737,0.0769231,D_888
41.8902,41.8925,-87.628,-87.626,8,85,0.914634,0.775,0.173913,D_889
41.744,41.7462,-87.602,-87.6,4,100,0.864031,0.833333,0.166667,D_89
41.8902,41.8925,-87.626,-87.624,14,80,0.876926,0.767442,0.16,D_890
41.8902,41.8925,-87.612,-87.61,12,80,0.910771,0.897959,0.151515,D_891
41.8925,41.8947,-87.774,-87.772,4,100,0.880069,0.76,0.176471,D_892
41.8925,41.8947,-87.766,-87.764,12,95,0.850837,0.789474,0.163934,D_893
41.8925,41.8947,-87.764,-87.762,16,100,0.911296,0.875,0.157895,D_894
41.8925,41.8947,-87.76,-87.758,8,90,0.887771,0.823529,0.163934,D_895
41.8925,41.8947,-87.756,-87.754,20,80,0.833958,0.636364,0.223684,D_896
41.8925,41.8947,-87.752,-87.75,10,95,0.807388,0.62963,0.3125,D_897
41.8925,41.8947,-87.75,-87.748,20,100,0.854432,0.772727,0.163636,D_898
41.8925,41.8947,-87.748,-87.746,4,90,0.91186,0.8,0.0857143,D_899
41.6765,41.6787,-87.624,-87.622,14,90,0.861194,0.75,0.205882,D_9
41.744,41.7462,-87.598,-87.596,20,100,0.917065,0.8,0.0886076,D_90
41.8925,41.8947,-87.746,-87.744,4,100,0.892705,0.78125,0.175,D_900
41.8925,41.8947,-87.728,-87.726,6,95,0.897594,0.888889,0.177215,D_901
41.8925,41.8947,-87.724,-87.722,12,95,0.831544,0.666667,0.244898,D_902
41.8925,41.8947,-87.72,-87.718,4,95,0.882982,0.87234,0.15,D_903
41.8925,41.8947,-87.718,-87.716,8,80,0.851498,0.703704,0.27451,D_904
41.8925,41.8947,-87.716,-87.714,14,100,0.843478,0.695652,0.206897,D_905
41.8925,41.8947,-87.714,-87.712,10,85,0.890897,0.795455,0.12,D_906
41.8925,41.8947,-87.712,-87.71,16,85,0.998122,0.985915,0,D_907
41.8925,41.8947,-87.71,-87.708,20,100,0.807615,0.608696,0.288462,D_908
41.8925,41.8947,-87.708,-87.706,8,80,0.820746,0.666667,0.283019,D_909
41.744,41.7462,-87.554,-87.552,20,80,0.839368,0.8,0.170213,D_91
41.8925,41.8947,-87.704,-87.702,20,90,0.793643,0.625,0.349398,D_910
41.8925,41.8947,-87.638,-87.636,18,95,0.829407,0.727273,0.218182,D_911
41.8925,41.8947,-87.636,-87.634,8,95,1,1,0,D_912
41.8925,41.8947,-87.634,-87.632,18,100,0.865082,0.8125,0.15942,D_913
41.8925,41.8947,-87.632,-87.63,8,90,0.840921,0.73913,0.2,D_914
41.8925,41.8947,-87.63,-87.628,16,100,0.871877,0.794872,0.137931,D_915
41.8925,41.8947,-87.628,-87.626,18,90,0.861003,0.714286,0.238095,D_916
41.8925,41.8947,-87.626,-87.624,12,80,0.872186,0.825,0.166667,D_917
41.8925,41.8947,-87.624,-87.622,14,95,0.855893,0.807692,0.148936,D_918
41.8925,41.8947,-87.622,-87.62,4,90,0.834002,0.592593,0.238095,D_919
41.744,41.7462,-87.552,-87.55,4,80,0.846893,0.75,0.2,D_92
41.8925,41.8947,-87.618,-87.616,20,80,0.823647,0.647059,0.215385,D_920
41.8947,41.897,-87.768,-87.766,4,80,0.783633,0.611111,0.46875,D_921
41.8947,41.897,-87.766,-87.764,18,100,0.803305,0.484848,0.263158,D_922
41.8947,41.897,-87.762,-87.76,10,95,0.816988,0.75,0.208955,D_923
41.8947,41.897,-87.76,-87.758,18,100,0.867034,0.805556,0.175,D_924
41.8947,41.897,-87.758,-87.756,6,85,0.829086,0.615385,0.253165,D_925
41.8947,41.897,-87.756,-87.754,6,80,0.939747,0.923077,0.105263,D_926
41.8947,41.897,-87.754,-87.752,20,80,0.783206,0.529412,0.28125,D_927
41.8947,41.897,-87.752,-87.75,12,100,0.869692,0.75,0.229167,D_928
41.8947,41.897,-87.75,-87.748,16,90,0.780094,0.541667,0.327273,D_929
41.744,41.7462,-87.548,-87.546,6,95,0.813231,0.666667,0.253731,D_93
41.8947,41.897,-87.748,-87.746,20,80,0.88452,0.787879,0.166667,D_930
41.8947,41.897,-87.728,-87.726,12,85,0.903209,0.944444,0.0819672,D_931
41.8947,41.897,-87.724,-87.722,18,90,0.828888,0.7,0.262295,D_932
41.8947,41.897,-87.722,-87.72,4,90,0.819986,0.625,0.292683,D_933
41.8947,41.897,-87.72,-87.718,10,100,0.85871,0.647059,0.238806,D_934
41.8947,41.897,-87.718,-87.716,10,80,1.00711,1,0.0196078,D_935
41.8947,41.897,-87.716,-87.714,4,100,0.887126,0.821429,0.145833,D_936
41.8947,41.897,-87.714,-87.712,6,100,0.787653,0.590909,0.306452,D_937
41.8947,41.897,-87.712,-87.71,4,100,0.816726,0.56,0.285714,D_938
41.8947,41.897,-87.708,-87.706,16,95,0.811041,0.631579,0.283333,D_939
41.7462,41.7485,-87.666,-87.664,6,85,0.734815,0.333333,0.380952,D_94
41.8947,41.897,-87.678,-87.676,10,90,0.85221,0.645161,0.23913,D_940
41.8947,41.897,-87.668,-87.666,16,95,0.8533,0.6875,0.25,D_941
41.8947,41.897,-87.656,-87.654,16,95,0.866923,0.785714,0.152778,D_942
41.8947,41.897,-87.64,-87.638,4,85,0.88914,0.888889,0.160494,D_943
41.8947,41.897,-87.638,-87.636,8,85,0.809682,0.76,0.177778,D_944
41.8947,41.897,-87.636,-87.634,8,100,0.93529,0.895833,0.117647,D_945
41.8947,41.897,-87.634,-87.632,8,80,0.811067,0.588235,0.343284,D_946
41.8947,41.897,-87.632,-87.63,10,90,0.855363,0.75,0.203704,D_947
41.8947,41.897,-87.63,-87.628,8,95,0.890613,0.788462,0.153846,D_948
41.8947,41.897,-87.628,-87.626,10,85,0.945676,0.916667,0.0789474,D_949
41.7462,41.7485,-87.664,-87.662,4,85,0.865138,0.806452,0.15,D_95
41.8947,41.897,-87.626,-87.624,16,90,0.871336,0.755102,0.1875,D_950
41.8947,41.897,-87.622,-87.62,18,95,0.865538,0.8,0.166667,D_951
41.897,41.8992,-87.772,-87.77,4,90,0.818329,0.619048,0.272727,D_952
41.897,41.8992,-87.768,-87.766,4,80,0.902628,0.777778,0.169811,D_953
41.897,41.8992,-87.756,-87.754,4,100,0.839215,0.692308,0.26087,D_954
41.897,41.8992,-87.754,-87.752,14,100,0.793851,0.588235,0.269841,D_955
41.897,41.8992,-87.752,-87.75,4,100,0.873277,0.75,0.212766,D_956
41.897,41.8992,-87.75,-87.748,8,95,0.827949,0.769231,0.191489,D_957
41.897,41.8992,-87.732,-87.73,4,80,0.850603,0.73913,0.258621,D_958
41.897,41.8992,-87.728,-87.726,4,90,0.855824,0.736842,0.350877,D_959
41.7462,41.7485,-87.66,-87.658,4,90,0.836768,0.733333,0.21875,D_96
41.897,41.8992,-87.726,-87.724,6,90,0.912083,0.928571,0.0985915,D_960
41.897,41.8992,-87.722,-87.72,20,90,0.823871,0.692308,0.212766,D_961
41.897,41.8992,-87.718,-87.716,6,80,0.900189,0.807692,0.16,D_962
41.897,41.8992,-87.714,-87.712,6,100,0.843722,0.733333,0.25,D_963
41.897,41.8992,-87.668,-87.666,14,100,0.840776,0.642857,0.319444,D_964
41.897,41.8992,-87.642,-87.64,12,95,0.893387,0.708333,0.217391,D_965
41.897,41.8992,-87.638,-87.636,4,100,0.780566,0.583333,0.369863,D_967
41.897,41.8992,-87.63,-87.628,4,90,0.882825,0.875,0.146667,D_968
41.897,41.8992,-87.628,-87.626,18,80,0.822401,0.652174,0.218182,D_969
41.7462,41.7485,-87.654,-87.652,4,80,0.900052,0.913043,0.117647,D_97
41.8992,41.9015,-87.756,-87.754,16,80,0.855673,0.8,0.18,D_971
41.8992,41.9015,-87.754,-87.752,14,80,0.855468,0.8,0.133333,D_972
41.8992,41.9015,-87.75,-87.748,6,95,0.912309,1,0.111111,D_973
41.8992,41.9015,-87.728,-87.726,18,90,0.826647,0.689655,0.225,D_974
41.8992,41.9015,-87.726,-87.724,14,80,0.918193,0.85,0.105263,D_975
41.8992,41.9015,-87.724,-87.722,12,80,0.833823,0.818182,0.155172,D_976
41.8992,41.9015,-87.722,-87.72,12,80,0.855242,0.791667,0.166667,D_977
41.8992,41.9015,-87.72,-87.718,18,95,0.859473,0.741935,0.2,D_978
41.8992,41.9015,-87.718,-87.716,6,100,0.843382,0.652174,0.230769,D_979
41.7462,41.7485,-87.644,-87.642,14,100,0.853775,0.75,0.216667,D_98
41.8992,41.9015,-87.7,-87.698,18,85,0.888198,0.708333,0.204082,D_980
41.8992,41.9015,-87.698,-87.696,6,90,0.826049,0.5625,0.283582,D_981
41.8992,41.9015,-87.696,-87.694,6,95,0.895705,0.818182,0.0943396,D_982
41.8992,41.9015,-87.694,-87.692,20,85,0.872007,0.8125,0.169014,D_983
41.8992,41.9015,-87.644,-87.642,8,85,0.843628,0.611111,0.238806,D_984
41.8992,41.9015,-87.642,-87.64,14,100,0.853215,0.888889,0.181818,D_985
41.8992,41.9015,-87.64,-87.638,4,95,0.834653,0.5,0.252632,D_986
41.8992,41.9015,-87.63,-87.628,4,100,0.827581,0.833333,0.175439,D_987
41.8992,41.9015,-87.628,-87.626,6,100,0.888641,0.727273,0.210526,D_988
41.8992,41.9015,-87.626,-87.624,10,95,0.831775,0.772727,0.192308,D_989
41.7462,41.7485,-87.606,-87.604,10,85,0.814095,0.681818,0.288462,D_99
41.9015,41.9037,-87.776,-87.774,20,100,0.804813,0.7,0.306667,D_990
41.9015,41.9037,-87.768,-87.766,6,95,0.797837,0.714286,0.314286,D_991
41.9015,41.9037,-87.766,-87.764,14,90,0.768468,0.625,0.413793,D_992
41.9015,41.9037,-87.76,-87.758,16,85,0.886087,0.84,0.117647,D_993
41.9015,41.9037,-87.754,-87.752,16,100,0.9204,0.875,0.0864198,D_994
41.9015,41.9037,-87.734,-87.732,8,80,0.797358,0.555556,0.253165,D_995
41.9015,41.9037,-87.732,-87.73,4,80,0.847246,0.72,0.207547,D_996
41.9015,41.9037,-87.73,-87.728,4,100,0.821271,0.5,0.289157,D_997
41.9015,41.9037,-87.728,-87.726,8,90,0.866225,0.818182,0.138889,D_998
41.9015,41.9037,-87.726,-87.724,16,80,0.874088,0.857143,0.169014,D_999
